# R v_R c2s omega rho H omega_prime T
8.82723e+28 -1.27106e-07 1.53866e-10 3.35251e-21 -2.19792e-22 4.53052e+10 -1.3928e-37 6.0504e-12
8.82723e+28 -1.27106e-07 1.54871e-10 3.35251e-21 -2.18366e-22 4.5601e+10 -1.39462e-37 6.06915e-12
8.82723e+28 -1.27106e-07 1.56855e-10 3.35251e-21 -2.15604e-22 4.61852e+10 -1.39824e-37 6.10609e-12
8.82723e+28 -1.27106e-07 1.60728e-10 3.35251e-21 -2.10409e-22 4.73255e+10 -1.40535e-37 6.17783e-12
8.82723e+28 -1.27106e-07 1.68123e-10 3.35251e-21 -2.01154e-22 4.95029e+10 -1.41912e-37 6.31364e-12
8.82723e+28 -1.27106e-07 1.81719e-10 3.35251e-21 -1.86104e-22 5.35063e+10 -1.44516e-37 6.55985e-12
8.82722e+28 -1.27106e-07 2.05278e-10 3.35251e-21 -1.64746e-22 6.04429e+10 -1.49263e-37 6.97855e-12
8.82721e+28 -1.27106e-07 2.42836e-10 3.35251e-21 -1.39266e-22 7.15017e+10 -1.57514e-37 7.63506e-12
8.8272e+28 -1.27106e-07 2.96507e-10 3.35251e-21 -1.14057e-22 8.73046e+10 -1.71029e-37 8.57447e-12
8.82716e+28 -1.27106e-07 3.62175e-10 3.35251e-21 -9.33778e-23 1.0664e+11 -1.91104e-37 9.76986e-12
8.8271e+28 -1.27106e-07 4.23425e-10 3.35251e-21 -7.98716e-23 1.24673e+11 -2.14652e-37 1.09791e-11
8.82696e+28 -1.27106e-07 4.60135e-10 3.35251e-21 -7.35015e-23 1.3548e+11 -2.31945e-37 1.17742e-11
8.82669e+28 -1.27106e-07 4.66629e-10 3.35251e-21 -7.2483e-23 1.37388e+11 -2.35804e-37 1.19342e-11
8.82615e+28 -1.27106e-07 6.74191e-09 3.35251e-21 -5.0174e-24 1.98488e+12 1.85898e-38 9.12175e-12
8.8251e+28 -1.27106e-07 7.22025e-09 3.35251e-21 -4.68611e-24 2.12545e+12 1.73363e-38 9.03793e-12
8.823e+28 -1.27106e-07 8.08672e-09 3.35251e-21 -4.186e-24 2.37995e+12 1.55183e-38 8.92165e-12
8.81879e+28 -1.27106e-07 9.57433e-09 3.35251e-21 -3.53898e-24 2.81641e+12 1.33124e-38 8.80237e-12
8.81038e+28 -1.27106e-07 1.1985e-08 3.35251e-21 -2.83255e-24 3.52218e+12 1.11362e-38 8.7561e-12
8.80155e+28 -1.27106e-07 1.40611e-08 3.35251e-21 -2.41917e-24 4.12817e+12 1.00187e-38 8.8157e-12
8.79272e+28 -1.27106e-07 1.58592e-08 3.35251e-21 -2.14919e-24 4.65141e+12 9.37925e-39 8.92123e-12
8.7839e+28 -1.27106e-07 1.7468e-08 3.35251e-21 -1.95518e-24 5.1181e+12 8.98037e-39 9.04927e-12
8.77507e+28 -1.27106e-07 1.8937e-08 3.35251e-21 -1.80714e-24 5.54294e+12 8.72072e-39 9.18934e-12
8.76624e+28 -1.27106e-07 2.02973e-08 3.35251e-21 -1.68942e-24 5.93515e+12 8.54922e-39 9.33599e-12
8.75741e+28 -1.27106e-07 2.15701e-08 3.35251e-21 -1.59294e-24 6.30098e+12 8.4371e-39 9.48614e-12
8.74859e+28 -1.27106e-07 2.27704e-08 3.35251e-21 -1.51202e-24 6.64488e+12 8.36688e-39 9.63794e-12
8.73976e+28 -1.27106e-07 2.39092e-08 3.35251e-21 -1.44291e-24 6.97017e+12 8.3273e-39 9.79023e-12
8.73093e+28 -1.27106e-07 2.49952e-08 3.35251e-21 -1.38301e-24 7.27941e+12 8.31074e-39 9.94226e-12
8.72211e+28 -1.27106e-07 2.6035e-08 3.35251e-21 -1.33046e-24 7.57459e+12 8.31189e-39 1.00935e-11
8.71328e+28 -1.27106e-07 2.70342e-08 3.35251e-21 -1.28389e-24 7.85733e+12 8.32691e-39 1.02438e-11
8.70445e+28 -1.27106e-07 2.79972e-08 3.35251e-21 -1.24224e-24 8.12895e+12 8.35297e-39 1.03927e-11
8.69562e+28 -1.27106e-07 2.89275e-08 3.35251e-21 -1.20473e-24 8.39057e+12 8.38793e-39 1.05402e-11
8.6868e+28 -1.27106e-07 2.98284e-08 3.35251e-21 -1.17072e-24 8.64309e+12 8.43016e-39 1.06862e-11
8.67797e+28 -1.27106e-07 3.07024e-08 3.35251e-21 -1.13971e-24 8.88731e+12 8.47836e-39 1.08307e-11
8.66914e+28 -1.27106e-07 3.15519e-08 3.35251e-21 -1.11129e-24 9.12392e+12 8.53154e-39 1.09735e-11
8.66032e+28 -1.27106e-07 3.23788e-08 3.35251e-21 -1.08512e-24 9.35349e+12 8.58887e-39 1.11148e-11
8.65149e+28 -1.27106e-07 3.31847e-08 3.35251e-21 -1.06092e-24 9.57654e+12 8.6497e-39 1.12546e-11
8.64266e+28 -1.27106e-07 3.39713e-08 3.35251e-21 -1.03848e-24 9.79353e+12 8.7135e-39 1.13928e-11
8.63383e+28 -1.27106e-07 3.47399e-08 3.35251e-21 -1.01758e-24 1.00049e+13 8.77983e-39 1.15294e-11
8.62501e+28 -1.27106e-07 3.54915e-08 3.35251e-21 -9.98069e-25 1.02109e+13 8.84831e-39 1.16646e-11
8.61618e+28 -1.27106e-07 3.62274e-08 3.35251e-21 -9.798e-25 1.04119e+13 8.91866e-39 1.17984e-11
8.60735e+28 -1.27106e-07 3.69484e-08 3.35251e-21 -9.62651e-25 1.06083e+13 8.9906e-39 1.19307e-11
8.59853e+28 -1.27106e-07 3.76555e-08 3.35251e-21 -9.46516e-25 1.08002e+13 9.06392e-39 1.20616e-11
8.5897e+28 -1.27106e-07 3.83493e-08 3.35251e-21 -9.31302e-25 1.09879e+13 9.13844e-39 1.21911e-11
8.58087e+28 -1.27106e-07 3.90307e-08 3.35251e-21 -9.16928e-25 1.11716e+13 9.214e-39 1.23194e-11
8.57204e+28 -1.27106e-07 3.97002e-08 3.35251e-21 -9.03322e-25 1.13516e+13 9.29046e-39 1.24463e-11
8.56322e+28 -1.27106e-07 4.03585e-08 3.35251e-21 -8.90421e-25 1.15279e+13 9.36771e-39 1.2572e-11
8.55439e+28 -1.27106e-07 4.10061e-08 3.35251e-21 -8.78168e-25 1.17008e+13 9.44566e-39 1.26965e-11
8.54556e+28 -1.27106e-07 4.16435e-08 3.35251e-21 -8.66513e-25 1.18705e+13 9.5242e-39 1.28199e-11
8.53674e+28 -1.27106e-07 4.22712e-08 3.35251e-21 -8.55413e-25 1.20369e+13 9.60328e-39 1.29421e-11
8.52791e+28 -1.27106e-07 4.28896e-08 3.35251e-21 -8.44825e-25 1.22004e+13 9.68281e-39 1.30631e-11
8.51908e+28 -1.27106e-07 4.34992e-08 3.35251e-21 -8.34714e-25 1.2361e+13 9.76275e-39 1.31831e-11
8.51025e+28 -1.27106e-07 4.41002e-08 3.35251e-21 -8.25047e-25 1.25188e+13 9.84305e-39 1.33021e-11
8.50143e+28 -1.27106e-07 4.4693e-08 3.35251e-21 -8.15795e-25 1.26739e+13 9.92365e-39 1.342e-11
8.4926e+28 -1.27106e-07 4.5278e-08 3.35251e-21 -8.06929e-25 1.28265e+13 1.00045e-38 1.35369e-11
8.48377e+28 -1.27106e-07 4.58555e-08 3.35251e-21 -7.98426e-25 1.29766e+13 1.00857e-38 1.36529e-11
8.47495e+28 -1.27106e-07 4.64257e-08 3.35251e-21 -7.90264e-25 1.31242e+13 1.0167e-38 1.37679e-11
8.46612e+28 -1.27106e-07 4.69889e-08 3.35251e-21 -7.82421e-25 1.32696e+13 1.02485e-38 1.3882e-11
8.45729e+28 -1.27106e-07 4.75454e-08 3.35251e-21 -7.74878e-25 1.34128e+13 1.03302e-38 1.39953e-11
8.44846e+28 -1.27106e-07 4.80953e-08 3.35251e-21 -7.67619e-25 1.35538e+13 1.0412e-38 1.41076e-11
8.43964e+28 -1.27106e-07 4.8639e-08 3.35251e-21 -7.60627e-25 1.36927e+13 1.04939e-38 1.42191e-11
8.43081e+28 -1.27106e-07 4.91767e-08 3.35251e-21 -7.53887e-25 1.38295e+13 1.0576e-38 1.43298e-11
8.42198e+28 -1.27106e-07 4.97084e-08 3.35251e-21 -7.47387e-25 1.39644e+13 1.06581e-38 1.44397e-11
8.41316e+28 -1.27106e-07 5.02345e-08 3.35251e-21 -7.41113e-25 1.40974e+13 1.07403e-38 1.45488e-11
8.40433e+28 -1.27106e-07 5.07551e-08 3.35251e-21 -7.35053e-25 1.42286e+13 1.08226e-38 1.46572e-11
8.3955e+28 -1.27106e-07 5.12703e-08 3.35251e-21 -7.29197e-25 1.43579e+13 1.09049e-38 1.47648e-11
8.38667e+28 -1.27106e-07 5.17804e-08 3.35251e-21 -7.23535e-25 1.44855e+13 1.09873e-38 1.48717e-11
8.37785e+28 -1.27106e-07 5.22854e-08 3.35251e-21 -7.18057e-25 1.46114e+13 1.10698e-38 1.49779e-11
8.36902e+28 -1.27106e-07 5.27856e-08 3.35251e-21 -7.12754e-25 1.47356e+13 1.11523e-38 1.50833e-11
8.36019e+28 -1.27106e-07 5.3281e-08 3.35251e-21 -7.07618e-25 1.48583e+13 1.12348e-38 1.51882e-11
8.35137e+28 -1.27106e-07 5.37718e-08 3.35251e-21 -7.02642e-25 1.49793e+13 1.13174e-38 1.52923e-11
8.34254e+28 -1.27106e-07 5.42582e-08 3.35251e-21 -6.97818e-25 1.50988e+13 1.13999e-38 1.53959e-11
8.33371e+28 -1.27106e-07 5.47402e-08 3.35251e-21 -6.9314e-25 1.52168e+13 1.14825e-38 1.54988e-11
8.32488e+28 -1.27106e-07 5.52179e-08 3.35251e-21 -6.88601e-25 1.53334e+13 1.15652e-38 1.56011e-11
8.31606e+28 -1.27106e-07 5.56915e-08 3.35251e-21 -6.84195e-25 1.54485e+13 1.16478e-38 1.57028e-11
8.30723e+28 -1.27106e-07 5.61611e-08 3.35251e-21 -6.79917e-25 1.55622e+13 1.17304e-38 1.58039e-11
8.2984e+28 -1.27106e-07 5.66268e-08 3.35251e-21 -6.75761e-25 1.56746e+13 1.18131e-38 1.59044e-11
8.28958e+28 -1.27106e-07 5.70886e-08 3.35251e-21 -6.71723e-25 1.57856e+13 1.18958e-38 1.60044e-11
8.28075e+28 -1.27106e-07 5.75467e-08 3.35251e-21 -6.67797e-25 1.58953e+13 1.19785e-38 1.61039e-11
8.27192e+28 -1.27106e-07 5.80011e-08 3.35251e-21 -6.63979e-25 1.60038e+13 1.20612e-38 1.62028e-11
8.26309e+28 -1.27106e-07 5.8452e-08 3.35251e-21 -6.60266e-25 1.6111e+13 1.21439e-38 1.63012e-11
8.25427e+28 -1.27106e-07 5.88994e-08 3.35251e-21 -6.56653e-25 1.62169e+13 1.22266e-38 1.63991e-11
8.24544e+28 -1.27106e-07 5.93434e-08 3.35251e-21 -6.53136e-25 1.63217e+13 1.23094e-38 1.64964e-11
8.23661e+28 -1.27106e-07 5.97841e-08 3.35251e-21 -6.49712e-25 1.64253e+13 1.23921e-38 1.65933e-11
8.22779e+28 -1.27106e-07 6.02216e-08 3.35251e-21 -6.46377e-25 1.65278e+13 1.24749e-38 1.66898e-11
8.21896e+28 -1.27106e-07 6.06558e-08 3.35251e-21 -6.43129e-25 1.66291e+13 1.25577e-38 1.67857e-11
8.21013e+28 -1.27106e-07 6.10869e-08 3.35251e-21 -6.39964e-25 1.67293e+13 1.26405e-38 1.68812e-11
8.2013e+28 -1.27106e-07 6.1515e-08 3.35251e-21 -6.36879e-25 1.68284e+13 1.27233e-38 1.69763e-11
8.19248e+28 -1.27106e-07 6.19402e-08 3.35251e-21 -6.33872e-25 1.69265e+13 1.28061e-38 1.70709e-11
8.18365e+28 -1.27106e-07 6.23624e-08 3.35251e-21 -6.30939e-25 1.70235e+13 1.2889e-38 1.71651e-11
8.17482e+28 -1.27106e-07 6.27817e-08 3.35251e-21 -6.28079e-25 1.71195e+13 1.29718e-38 1.72588e-11
8.166e+28 -1.27106e-07 6.31982e-08 3.35251e-21 -6.25289e-25 1.72145e+13 1.30547e-38 1.73522e-11
8.15717e+28 -1.27106e-07 6.3612e-08 3.35251e-21 -6.22567e-25 1.73084e+13 1.31376e-38 1.74451e-11
8.14834e+28 -1.27106e-07 6.40231e-08 3.35251e-21 -6.1991e-25 1.74014e+13 1.32205e-38 1.75377e-11
8.13951e+28 -1.27106e-07 6.44315e-08 3.35251e-21 -6.17317e-25 1.74935e+13 1.33035e-38 1.76298e-11
8.13069e+28 -1.27106e-07 6.48374e-08 3.35251e-21 -6.14786e-25 1.75846e+13 1.33865e-38 1.77216e-11
8.12186e+28 -1.27106e-07 6.52407e-08 3.35251e-21 -6.12314e-25 1.76748e+13 1.34695e-38 1.7813e-11
8.11303e+28 -1.27106e-07 6.56415e-08 3.35251e-21 -6.099e-25 1.7764e+13 1.35525e-38 1.79041e-11
8.10421e+28 -1.27106e-07 6.60399e-08 3.35251e-21 -6.07543e-25 1.78524e+13 1.36356e-38 1.79948e-11
8.09538e+28 -1.27106e-07 6.64359e-08 3.35251e-21 -6.05239e-25 1.79399e+13 1.37187e-38 1.80851e-11
8.08655e+28 -1.27106e-07 6.68295e-08 3.35251e-21 -6.02989e-25 1.80265e+13 1.38018e-38 1.81751e-11
8.07772e+28 -1.27106e-07 6.72207e-08 3.35251e-21 -6.0079e-25 1.81122e+13 1.3885e-38 1.82647e-11
8.0689e+28 -1.27106e-07 6.76097e-08 3.35251e-21 -5.98641e-25 1.81971e+13 1.39682e-38 1.8354e-11
8.06007e+28 -1.27106e-07 6.79965e-08 3.35251e-21 -5.9654e-25 1.82812e+13 1.40515e-38 1.8443e-11
8.05124e+28 -1.27106e-07 6.83811e-08 3.35251e-21 -5.94487e-25 1.83645e+13 1.41348e-38 1.85317e-11
8.04242e+28 -1.27106e-07 6.87634e-08 3.35251e-21 -5.9248e-25 1.84469e+13 1.42181e-38 1.86201e-11
8.03359e+28 -1.27106e-07 6.91437e-08 3.35251e-21 -5.90517e-25 1.85286e+13 1.43015e-38 1.87081e-11
8.02476e+28 -1.27106e-07 6.95219e-08 3.35251e-21 -5.88597e-25 1.86094e+13 1.43849e-38 1.87958e-11
8.01593e+28 -1.27106e-07 6.9898e-08 3.35251e-21 -5.8672e-25 1.86895e+13 1.44684e-38 1.88833e-11
8.00711e+28 -1.27106e-07 7.02721e-08 3.35251e-21 -5.84884e-25 1.87689e+13 1.4552e-38 1.89704e-11
7.99828e+28 -1.27106e-07 7.06442e-08 3.35251e-21 -5.83089e-25 1.88474e+13 1.46356e-38 1.90573e-11
7.98945e+28 -1.27106e-07 7.10143e-08 3.35251e-21 -5.81332e-25 1.89253e+13 1.47192e-38 1.91439e-11
7.98063e+28 -1.27106e-07 7.13825e-08 3.35251e-21 -5.79614e-25 1.90024e+13 1.48029e-38 1.92302e-11
7.9718e+28 -1.27106e-07 7.17488e-08 3.35251e-21 -5.77932e-25 1.90788e+13 1.48867e-38 1.93163e-11
7.96297e+28 -1.27106e-07 7.21132e-08 3.35251e-21 -5.76287e-25 1.91544e+13 1.49705e-38 1.9402e-11
7.95414e+28 -1.27106e-07 7.24758e-08 3.35251e-21 -5.74678e-25 1.92294e+13 1.50544e-38 1.94875e-11
7.94532e+28 -1.27106e-07 7.28365e-08 3.35251e-21 -5.73103e-25 1.93037e+13 1.51384e-38 1.95728e-11
7.93649e+28 -1.27106e-07 7.31955e-08 3.35251e-21 -5.71561e-25 1.93772e+13 1.52224e-38 1.96578e-11
7.92766e+28 -1.27106e-07 7.35527e-08 3.35251e-21 -5.70053e-25 1.94502e+13 1.53065e-38 1.97426e-11
7.91884e+28 -1.27106e-07 7.39082e-08 3.35251e-21 -5.68577e-25 1.95224e+13 1.53907e-38 1.98271e-11
7.91001e+28 -1.27106e-07 7.42619e-08 3.35251e-21 -5.67132e-25 1.9594e+13 1.5475e-38 1.99113e-11
7.90118e+28 -1.27106e-07 7.4614e-08 3.35251e-21 -5.65718e-25 1.96649e+13 1.55593e-38 1.99954e-11
7.89235e+28 -1.27106e-07 7.49644e-08 3.35251e-21 -5.64334e-25 1.97352e+13 1.56437e-38 2.00792e-11
7.88353e+28 -1.27106e-07 7.53131e-08 3.35251e-21 -5.62979e-25 1.98048e+13 1.57282e-38 2.01628e-11
7.8747e+28 -1.27106e-07 7.56603e-08 3.35251e-21 -5.61653e-25 1.98738e+13 1.58127e-38 2.02461e-11
7.86587e+28 -1.27106e-07 7.60058e-08 3.35251e-21 -5.60355e-25 1.99422e+13 1.58974e-38 2.03293e-11
7.85705e+28 -1.27106e-07 7.63498e-08 3.35251e-21 -5.59085e-25 2.001e+13 1.59821e-38 2.04122e-11
7.84822e+28 -1.27106e-07 7.66922e-08 3.35251e-21 -5.57841e-25 2.00771e+13 1.6067e-38 2.04949e-11
7.83939e+28 -1.27106e-07 7.70331e-08 3.35251e-21 -5.56624e-25 2.01437e+13 1.61519e-38 2.05774e-11
7.83056e+28 -1.27106e-07 7.73725e-08 3.35251e-21 -5.55432e-25 2.02097e+13 1.62369e-38 2.06597e-11
7.82174e+28 -1.27106e-07 7.77104e-08 3.35251e-21 -5.54266e-25 2.0275e+13 1.6322e-38 2.07418e-11
7.81291e+28 -1.27106e-07 7.80468e-08 3.35251e-21 -5.53125e-25 2.03398e+13 1.64072e-38 2.08237e-11
7.80408e+28 -1.27106e-07 7.83818e-08 3.35251e-21 -5.52008e-25 2.04041e+13 1.64925e-38 2.09054e-11
7.79526e+28 -1.27106e-07 7.87153e-08 3.35251e-21 -5.50914e-25 2.04677e+13 1.65779e-38 2.09869e-11
7.78643e+28 -1.27106e-07 7.90474e-08 3.35251e-21 -5.49844e-25 2.05308e+13 1.66634e-38 2.10682e-11
7.7776e+28 -1.27106e-07 7.93782e-08 3.35251e-21 -5.48797e-25 2.05933e+13 1.6749e-38 2.11494e-11
7.76877e+28 -1.27106e-07 7.97075e-08 3.35251e-21 -5.47772e-25 2.06553e+13 1.68347e-38 2.12303e-11
7.75995e+28 -1.27106e-07 8.00355e-08 3.35251e-21 -5.46769e-25 2.07167e+13 1.69205e-38 2.13111e-11
7.75112e+28 -1.27106e-07 8.03621e-08 3.35251e-21 -5.45788e-25 2.07776e+13 1.70064e-38 2.13917e-11
7.74229e+28 -1.27106e-07 8.06874e-08 3.35251e-21 -5.44828e-25 2.08379e+13 1.70925e-38 2.14722e-11
7.73347e+28 -1.27106e-07 8.10114e-08 3.35251e-21 -5.43888e-25 2.08978e+13 1.71786e-38 2.15524e-11
7.72464e+28 -1.27106e-07 8.13341e-08 3.35251e-21 -5.42969e-25 2.0957e+13 1.72649e-38 2.16326e-11
7.71581e+28 -1.27106e-07 8.16555e-08 3.35251e-21 -5.4207e-25 2.10158e+13 1.73513e-38 2.17125e-11
7.70698e+28 -1.27106e-07 8.19756e-08 3.35251e-21 -5.41191e-25 2.10741e+13 1.74378e-38 2.17923e-11
7.69816e+28 -1.27106e-07 8.22945e-08 3.35251e-21 -5.40331e-25 2.11318e+13 1.75244e-38 2.18719e-11
7.68933e+28 -1.27106e-07 8.26122e-08 3.35251e-21 -5.3949e-25 2.11891e+13 1.76111e-38 2.19514e-11
7.6805e+28 -1.27106e-07 8.29286e-08 3.35251e-21 -5.38667e-25 2.12458e+13 1.7698e-38 2.20307e-11
7.67168e+28 -1.27106e-07 8.32438e-08 3.35251e-21 -5.37863e-25 2.13021e+13 1.7785e-38 2.21098e-11
7.66285e+28 -1.27106e-07 8.35578e-08 3.35251e-21 -5.37077e-25 2.13578e+13 1.78721e-38 2.21889e-11
7.65402e+28 -1.27106e-07 8.38707e-08 3.35251e-21 -5.36308e-25 2.14131e+13 1.79594e-38 2.22677e-11
7.64519e+28 -1.27106e-07 8.41823e-08 3.35251e-21 -5.35557e-25 2.14679e+13 1.80467e-38 2.23465e-11
7.63637e+28 -1.27106e-07 8.44928e-08 3.35251e-21 -5.34824e-25 2.15222e+13 1.81343e-38 2.2425e-11
7.62754e+28 -1.27106e-07 8.48022e-08 3.35251e-21 -5.34107e-25 2.1576e+13 1.82219e-38 2.25035e-11
7.61871e+28 -1.27106e-07 8.51104e-08 3.35251e-21 -5.33406e-25 2.16294e+13 1.83097e-38 2.25818e-11
7.60989e+28 -1.27106e-07 8.54176e-08 3.35251e-21 -5.32722e-25 2.16823e+13 1.83976e-38 2.266e-11
7.60106e+28 -1.27106e-07 8.57236e-08 3.35251e-21 -5.32054e-25 2.17347e+13 1.84857e-38 2.27381e-11
7.59223e+28 -1.27106e-07 8.60285e-08 3.35251e-21 -5.31402e-25 2.17867e+13 1.85739e-38 2.2816e-11
7.5834e+28 -1.27106e-07 8.63323e-08 3.35251e-21 -5.30765e-25 2.18382e+13 1.86623e-38 2.28938e-11
7.57458e+28 -1.27106e-07 8.66351e-08 3.35251e-21 -5.30144e-25 2.18893e+13 1.87508e-38 2.29715e-11
7.56575e+28 -1.27106e-07 8.69368e-08 3.35251e-21 -5.29537e-25 2.19399e+13 1.88394e-38 2.3049e-11
7.55692e+28 -1.27106e-07 8.72374e-08 3.35251e-21 -5.28946e-25 2.19901e+13 1.89282e-38 2.31264e-11
7.5481e+28 -1.27106e-07 8.75371e-08 3.35251e-21 -5.28369e-25 2.20399e+13 1.90172e-38 2.32038e-11
7.53927e+28 -1.27106e-07 8.78356e-08 3.35251e-21 -5.27807e-25 2.20892e+13 1.91063e-38 2.3281e-11
7.53044e+28 -1.27106e-07 8.81332e-08 3.35251e-21 -5.27258e-25 2.21381e+13 1.91955e-38 2.33581e-11
7.52161e+28 -1.27106e-07 8.84298e-08 3.35251e-21 -5.26724e-25 2.21865e+13 1.9285e-38 2.3435e-11
7.51279e+28 -1.27106e-07 8.87254e-08 3.35251e-21 -5.26204e-25 2.22345e+13 1.93745e-38 2.35119e-11
7.50396e+28 -1.27106e-07 8.90199e-08 3.35251e-21 -5.25697e-25 2.22822e+13 1.94643e-38 2.35887e-11
7.49513e+28 -1.27106e-07 8.93135e-08 3.35251e-21 -5.25204e-25 2.23293e+13 1.95542e-38 2.36653e-11
7.48631e+28 -1.27106e-07 8.96062e-08 3.35251e-21 -5.24724e-25 2.23761e+13 1.96442e-38 2.37419e-11
7.47748e+28 -1.27106e-07 8.98979e-08 3.35251e-21 -5.24257e-25 2.24225e+13 1.97345e-38 2.38183e-11
7.46865e+28 -1.27106e-07 9.01886e-08 3.35251e-21 -5.23803e-25 2.24685e+13 1.98249e-38 2.38947e-11
7.45982e+28 -1.27106e-07 9.04784e-08 3.35251e-21 -5.23362e-25 2.2514e+13 1.99154e-38 2.3971e-11
7.451e+28 -1.27106e-07 9.07673e-08 3.35251e-21 -5.22933e-25 2.25592e+13 2.00062e-38 2.40471e-11
7.44217e+28 -1.27106e-07 9.10552e-08 3.35251e-21 -5.22517e-25 2.26039e+13 2.00971e-38 2.41232e-11
7.43334e+28 -1.27106e-07 9.13422e-08 3.35251e-21 -5.22112e-25 2.26483e+13 2.01882e-38 2.41992e-11
7.42452e+28 -1.27106e-07 9.16284e-08 3.35251e-21 -5.2172e-25 2.26922e+13 2.02794e-38 2.42751e-11
7.41569e+28 -1.27106e-07 9.19136e-08 3.35251e-21 -5.2134e-25 2.27358e+13 2.03709e-38 2.43509e-11
7.40686e+28 -1.27106e-07 9.21979e-08 3.35251e-21 -5.20972e-25 2.2779e+13 2.04625e-38 2.44266e-11
7.39803e+28 -1.27106e-07 9.24814e-08 3.35251e-21 -5.20615e-25 2.28218e+13 2.05543e-38 2.45022e-11
7.38921e+28 -1.27106e-07 9.2764e-08 3.35251e-21 -5.2027e-25 2.28642e+13 2.06463e-38 2.45777e-11
7.38038e+28 -1.27106e-07 9.30457e-08 3.35251e-21 -5.19936e-25 2.29063e+13 2.07385e-38 2.46532e-11
7.37155e+28 -1.27106e-07 9.33266e-08 3.35251e-21 -5.19614e-25 2.29479e+13 2.08308e-38 2.47286e-11
7.36273e+28 -1.27106e-07 9.36066e-08 3.35251e-21 -5.19302e-25 2.29892e+13 2.09234e-38 2.48039e-11
7.3539e+28 -1.27106e-07 9.38858e-08 3.35251e-21 -5.19002e-25 2.30302e+13 2.10161e-38 2.48791e-11
7.34507e+28 -1.27106e-07 9.41642e-08 3.35251e-21 -5.18712e-25 2.30707e+13 2.1109e-38 2.49542e-11
7.33624e+28 -1.27106e-07 9.44417e-08 3.35251e-21 -5.18433e-25 2.31109e+13 2.12022e-38 2.50293e-11
7.32742e+28 -1.27106e-07 9.47184e-08 3.35251e-21 -5.18164e-25 2.31507e+13 2.12955e-38 2.51043e-11
7.31859e+28 -1.27106e-07 9.49944e-08 3.35251e-21 -5.17907e-25 2.31902e+13 2.1389e-38 2.51793e-11
7.30976e+28 -1.27106e-07 9.52695e-08 3.35251e-21 -5.17659e-25 2.32293e+13 2.14827e-38 2.52541e-11
7.30094e+28 -1.27106e-07 9.55438e-08 3.35251e-21 -5.17422e-25 2.32681e+13 2.15766e-38 2.53289e-11
7.29211e+28 -1.27106e-07 9.58173e-08 3.35251e-21 -5.17195e-25 2.33065e+13 2.16708e-38 2.54036e-11
7.28328e+28 -1.27106e-07 9.609e-08 3.35251e-21 -5.16977e-25 2.33445e+13 2.17651e-38 2.54783e-11
7.27445e+28 -1.27106e-07 9.6362e-08 3.35251e-21 -5.1677e-25 2.33822e+13 2.18596e-38 2.55529e-11
7.26563e+28 -1.27106e-07 9.66332e-08 3.35251e-21 -5.16573e-25 2.34196e+13 2.19544e-38 2.56274e-11
7.2568e+28 -1.27106e-07 9.69036e-08 3.35251e-21 -5.16385e-25 2.34566e+13 2.20493e-38 2.57019e-11
7.24797e+28 -1.27106e-07 9.71733e-08 3.35251e-21 -5.16207e-25 2.34932e+13 2.21445e-38 2.57763e-11
7.23915e+28 -1.27106e-07 9.74422e-08 3.35251e-21 -5.16039e-25 2.35296e+13 2.22399e-38 2.58507e-11
7.23032e+28 -1.27106e-07 9.77104e-08 3.35251e-21 -5.1588e-25 2.35655e+13 2.23355e-38 2.5925e-11
7.22149e+28 -1.27106e-07 9.79778e-08 3.35251e-21 -5.1573e-25 2.36012e+13 2.24313e-38 2.59993e-11
7.21266e+28 -1.27106e-07 9.82445e-08 3.35251e-21 -5.1559e-25 2.36365e+13 2.25273e-38 2.60734e-11
7.20384e+28 -1.27106e-07 9.85105e-08 3.35251e-21 -5.15458e-25 2.36715e+13 2.26236e-38 2.61476e-11
7.19501e+28 -1.27106e-07 9.87758e-08 3.35251e-21 -5.15336e-25 2.37062e+13 2.27201e-38 2.62217e-11
7.18618e+28 -1.27106e-07 9.90403e-08 3.35251e-21 -5.15223e-25 2.37405e+13 2.28168e-38 2.62957e-11
7.17736e+28 -1.27106e-07 9.93042e-08 3.35251e-21 -5.15119e-25 2.37745e+13 2.29137e-38 2.63697e-11
7.16853e+28 -1.27106e-07 9.95673e-08 3.35251e-21 -5.15024e-25 2.38082e+13 2.30108e-38 2.64437e-11
7.1597e+28 -1.27106e-07 9.98298e-08 3.35251e-21 -5.14937e-25 2.38415e+13 2.31082e-38 2.65176e-11
7.15087e+28 -1.27106e-07 1.00092e-07 3.35251e-21 -5.14859e-25 2.38746e+13 2.32058e-38 2.65914e-11
7.14205e+28 -1.27106e-07 1.00353e-07 3.35251e-21 -5.1479e-25 2.39073e+13 2.33037e-38 2.66652e-11
7.13322e+28 -1.27106e-07 1.00613e-07 3.35251e-21 -5.14729e-25 2.39397e+13 2.34018e-38 2.6739e-11
7.12439e+28 -1.27106e-07 1.00873e-07 3.35251e-21 -5.14677e-25 2.39718e+13 2.35001e-38 2.68127e-11
7.11557e+28 -1.27106e-07 1.01132e-07 3.35251e-21 -5.14633e-25 2.40036e+13 2.35987e-38 2.68864e-11
7.10674e+28 -1.27106e-07 1.0139e-07 3.35251e-21 -5.14598e-25 2.40351e+13 2.36975e-38 2.69601e-11
7.09791e+28 -1.27106e-07 1.01648e-07 3.35251e-21 -5.1457e-25 2.40662e+13 2.37965e-38 2.70337e-11
7.08908e+28 -1.27106e-07 1.01905e-07 3.35251e-21 -5.14551e-25 2.40971e+13 2.38958e-38 2.71073e-11
7.08026e+28 -1.27106e-07 1.02161e-07 3.35251e-21 -5.1454e-25 2.41276e+13 2.39954e-38 2.71808e-11
7.07143e+28 -1.27106e-07 1.02417e-07 3.35251e-21 -5.14538e-25 2.41579e+13 2.40951e-38 2.72543e-11
7.0626e+28 -1.27106e-07 1.02672e-07 3.35251e-21 -5.14543e-25 2.41878e+13 2.41952e-38 2.73278e-11
7.05378e+28 -1.27106e-07 1.02927e-07 3.35251e-21 -5.14556e-25 2.42175e+13 2.42955e-38 2.74012e-11
7.04495e+28 -1.27106e-07 1.03181e-07 3.35251e-21 -5.14577e-25 2.42468e+13 2.4396e-38 2.74747e-11
7.03612e+28 -1.27106e-07 1.03434e-07 3.35251e-21 -5.14606e-25 2.42759e+13 2.44968e-38 2.7548e-11
7.02729e+28 -1.27106e-07 1.03686e-07 3.35251e-21 -5.14643e-25 2.43046e+13 2.45979e-38 2.76214e-11
7.01847e+28 -1.27106e-07 1.03938e-07 3.35251e-21 -5.14687e-25 2.43331e+13 2.46992e-38 2.76947e-11
7.00964e+28 -1.27106e-07 1.0419e-07 3.35251e-21 -5.14739e-25 2.43613e+13 2.48008e-38 2.7768e-11
7.00081e+28 -1.27106e-07 1.04441e-07 3.35251e-21 -5.14799e-25 2.43892e+13 2.49026e-38 2.78413e-11
6.99199e+28 -1.27106e-07 1.04691e-07 3.35251e-21 -5.14867e-25 2.44168e+13 2.50047e-38 2.79146e-11
6.98316e+28 -1.27106e-07 1.0494e-07 3.35251e-21 -5.14941e-25 2.44441e+13 2.51071e-38 2.79878e-11
6.97433e+28 -1.27106e-07 1.05189e-07 3.35251e-21 -5.15024e-25 2.44711e+13 2.52097e-38 2.8061e-11
6.9655e+28 -1.27106e-07 1.05438e-07 3.35251e-21 -5.15114e-25 2.44978e+13 2.53127e-38 2.81342e-11
6.95668e+28 -1.27106e-07 1.05685e-07 3.35251e-21 -5.15211e-25 2.45243e+13 2.54158e-38 2.82074e-11
6.94785e+28 -1.27106e-07 1.05933e-07 3.35251e-21 -5.15315e-25 2.45505e+13 2.55193e-38 2.82805e-11
6.93902e+28 -1.27106e-07 1.06179e-07 3.35251e-21 -5.15427e-25 2.45764e+13 2.5623e-38 2.83537e-11
6.9302e+28 -1.27106e-07 1.06425e-07 3.35251e-21 -5.15546e-25 2.4602e+13 2.57271e-38 2.84268e-11
6.92137e+28 -1.27106e-07 1.06671e-07 3.35251e-21 -5.15673e-25 2.46273e+13 2.58314e-38 2.84999e-11
6.91254e+28 -1.27106e-07 1.06916e-07 3.35251e-21 -5.15806e-25 2.46524e+13 2.59359e-38 2.8573e-11
6.90371e+28 -1.27106e-07 1.0716e-07 3.35251e-21 -5.15947e-25 2.46772e+13 2.60408e-38 2.8646e-11
6.89489e+28 -1.27106e-07 1.07404e-07 3.35251e-21 -5.16094e-25 2.47017e+13 2.6146e-38 2.87191e-11
6.88606e+28 -1.27106e-07 1.07647e-07 3.35251e-21 -5.16249e-25 2.4726e+13 2.62514e-38 2.87922e-11
6.87723e+28 -1.27106e-07 1.0789e-07 3.35251e-21 -5.16411e-25 2.47499e+13 2.63571e-38 2.88652e-11
6.86841e+28 -1.27106e-07 1.08132e-07 3.35251e-21 -5.1658e-25 2.47737e+13 2.64632e-38 2.89382e-11
6.85958e+28 -1.27106e-07 1.08374e-07 3.35251e-21 -5.16755e-25 2.47971e+13 2.65695e-38 2.90113e-11
6.85075e+28 -1.27106e-07 1.08615e-07 3.35251e-21 -5.16938e-25 2.48203e+13 2.66761e-38 2.90843e-11
6.84192e+28 -1.27106e-07 1.08855e-07 3.35251e-21 -5.17127e-25 2.48432e+13 2.6783e-38 2.91573e-11
6.8331e+28 -1.27106e-07 1.09095e-07 3.35251e-21 -5.17324e-25 2.48659e+13 2.68902e-38 2.92303e-11
6.82427e+28 -1.27106e-07 1.09335e-07 3.35251e-21 -5.17527e-25 2.48882e+13 2.69977e-38 2.93033e-11
6.81544e+28 -1.27106e-07 1.09574e-07 3.35251e-21 -5.17737e-25 2.49104e+13 2.71056e-38 2.93763e-11
6.80662e+28 -1.27106e-07 1.09812e-07 3.35251e-21 -5.17953e-25 2.49322e+13 2.72137e-38 2.94493e-11
6.79779e+28 -1.27106e-07 1.1005e-07 3.35251e-21 -5.18177e-25 2.49539e+13 2.73221e-38 2.95223e-11
6.78896e+28 -1.27106e-07 1.10288e-07 3.35251e-21 -5.18407e-25 2.49752e+13 2.74309e-38 2.95953e-11
6.78013e+28 -1.27106e-07 1.10524e-07 3.35251e-21 -5.18644e-25 2.49963e+13 2.75399e-38 2.96683e-11
6.77131e+28 -1.27106e-07 1.10761e-07 3.35251e-21 -5.18887e-25 2.50172e+13 2.76493e-38 2.97413e-11
6.76248e+28 -1.27106e-07 1.10997e-07 3.35251e-21 -5.19137e-25 2.50378e+13 2.7759e-38 2.98143e-11
6.75365e+28 -1.27106e-07 1.11232e-07 3.35251e-21 -5.19394e-25 2.50581e+13 2.7869e-38 2.98873e-11
6.74483e+28 -1.27106e-07 1.11467e-07 3.35251e-21 -5.19657e-25 2.50782e+13 2.79794e-38 2.99603e-11
6.736e+28 -1.27106e-07 1.11701e-07 3.35251e-21 -5.19926e-25 2.5098e+13 2.809e-38 3.00333e-11
6.72717e+28 -1.27106e-07 1.11935e-07 3.35251e-21 -5.20202e-25 2.51176e+13 2.8201e-38 3.01063e-11
6.71834e+28 -1.27106e-07 1.12169e-07 3.35251e-21 -5.20485e-25 2.5137e+13 2.83123e-38 3.01793e-11
6.70952e+28 -1.27106e-07 1.12401e-07 3.35251e-21 -5.20774e-25 2.51561e+13 2.8424e-38 3.02523e-11
6.70069e+28 -1.27106e-07 1.12634e-07 3.35251e-21 -5.2107e-25 2.51749e+13 2.85359e-38 3.03254e-11
6.69186e+28 -1.27106e-07 1.12866e-07 3.35251e-21 -5.21372e-25 2.51935e+13 2.86482e-38 3.03984e-11
6.68304e+28 -1.27106e-07 1.13097e-07 3.35251e-21 -5.2168e-25 2.52119e+13 2.87609e-38 3.04715e-11
6.67421e+28 -1.27106e-07 1.13328e-07 3.35251e-21 -5.21995e-25 2.523e+13 2.88739e-38 3.05445e-11
6.66538e+28 -1.27106e-07 1.13559e-07 3.35251e-21 -5.22316e-25 2.52479e+13 2.89872e-38 3.06176e-11
6.65655e+28 -1.27106e-07 1.13789e-07 3.35251e-21 -5.22643e-25 2.52655e+13 2.91009e-38 3.06907e-11
6.64773e+28 -1.27106e-07 1.14018e-07 3.35251e-21 -5.22977e-25 2.52829e+13 2.92149e-38 3.07638e-11
6.6389e+28 -1.27106e-07 1.14248e-07 3.35251e-21 -5.23317e-25 2.53001e+13 2.93292e-38 3.08369e-11
6.63007e+28 -1.27106e-07 1.14476e-07 3.35251e-21 -5.23663e-25 2.5317e+13 2.94439e-38 3.09101e-11
6.62125e+28 -1.27106e-07 1.14704e-07 3.35251e-21 -5.24016e-25 2.53337e+13 2.9559e-38 3.09832e-11
6.61242e+28 -1.27106e-07 1.14932e-07 3.35251e-21 -5.24375e-25 2.53502e+13 2.96744e-38 3.10564e-11
6.60359e+28 -1.27106e-07 1.15159e-07 3.35251e-21 -5.2474e-25 2.53664e+13 2.97902e-38 3.11296e-11
6.59476e+28 -1.27106e-07 1.15386e-07 3.35251e-21 -5.25111e-25 2.53824e+13 2.99063e-38 3.12028e-11
6.58594e+28 -1.27106e-07 1.15613e-07 3.35251e-21 -5.25489e-25 2.53982e+13 3.00228e-38 3.1276e-11
6.57711e+28 -1.27106e-07 1.15839e-07 3.35251e-21 -5.25872e-25 2.54137e+13 3.01397e-38 3.13493e-11
6.56828e+28 -1.27106e-07 1.16064e-07 3.35251e-21 -5.26262e-25 2.5429e+13 3.02569e-38 3.14225e-11
6.55946e+28 -1.27106e-07 1.16289e-07 3.35251e-21 -5.26658e-25 2.54441e+13 3.03745e-38 3.14958e-11
6.55063e+28 -1.27106e-07 1.16514e-07 3.35251e-21 -5.27061e-25 2.54589e+13 3.04924e-38 3.15691e-11
6.5418e+28 -1.27106e-07 1.16738e-07 3.35251e-21 -5.27469e-25 2.54735e+13 3.06108e-38 3.16425e-11
6.53297e+28 -1.27106e-07 1.16962e-07 3.35251e-21 -5.27883e-25 2.54879e+13 3.07295e-38 3.17158e-11
6.52415e+28 -1.27106e-07 1.17185e-07 3.35251e-21 -5.28304e-25 2.55021e+13 3.08486e-38 3.17892e-11
6.51532e+28 -1.27106e-07 1.17408e-07 3.35251e-21 -5.28731e-25 2.5516e+13 3.0968e-38 3.18626e-11
6.50649e+28 -1.27106e-07 1.17631e-07 3.35251e-21 -5.29164e-25 2.55297e+13 3.10879e-38 3.19361e-11
6.49767e+28 -1.27106e-07 1.17853e-07 3.35251e-21 -5.29602e-25 2.55432e+13 3.12081e-38 3.20095e-11
6.48884e+28 -1.27106e-07 1.18074e-07 3.35251e-21 -5.30047e-25 2.55565e+13 3.13287e-38 3.2083e-11
6.48001e+28 -1.27106e-07 1.18296e-07 3.35251e-21 -5.30499e-25 2.55696e+13 3.14497e-38 3.21566e-11
6.47118e+28 -1.27106e-07 1.18516e-07 3.35251e-21 -5.30956e-25 2.55824e+13 3.15711e-38 3.22301e-11
6.46236e+28 -1.27106e-07 1.18737e-07 3.35251e-21 -5.31419e-25 2.5595e+13 3.16929e-38 3.23037e-11
6.45353e+28 -1.27106e-07 1.18957e-07 3.35251e-21 -5.31888e-25 2.56074e+13 3.18151e-38 3.23773e-11
6.4447e+28 -1.27106e-07 1.19176e-07 3.35251e-21 -5.32364e-25 2.56196e+13 3.19377e-38 3.2451e-11
6.43588e+28 -1.27106e-07 1.19395e-07 3.35251e-21 -5.32845e-25 2.56316e+13 3.20607e-38 3.25247e-11
6.42705e+28 -1.27106e-07 1.19614e-07 3.35251e-21 -5.33332e-25 2.56433e+13 3.21841e-38 3.25984e-11
6.41822e+28 -1.27106e-07 1.19833e-07 3.35251e-21 -5.33826e-25 2.56548e+13 3.23079e-38 3.26721e-11
6.40939e+28 -1.27106e-07 1.20051e-07 3.35251e-21 -5.34325e-25 2.56662e+13 3.24321e-38 3.27459e-11
6.40057e+28 -1.27106e-07 1.20268e-07 3.35251e-21 -5.34831e-25 2.56773e+13 3.25567e-38 3.28198e-11
6.39174e+28 -1.27106e-07 1.20485e-07 3.35251e-21 -5.35342e-25 2.56882e+13 3.26818e-38 3.28936e-11
6.38291e+28 -1.27106e-07 1.20702e-07 3.35251e-21 -5.3586e-25 2.56988e+13 3.28072e-38 3.29676e-11
6.37409e+28 -1.27106e-07 1.20919e-07 3.35251e-21 -5.36383e-25 2.57093e+13 3.29331e-38 3.30415e-11
6.36526e+28 -1.27106e-07 1.21135e-07 3.35251e-21 -5.36913e-25 2.57196e+13 3.30594e-38 3.31155e-11
6.35643e+28 -1.27106e-07 1.2135e-07 3.35251e-21 -5.37448e-25 2.57296e+13 3.31861e-38 3.31895e-11
6.3476e+28 -1.27106e-07 1.21565e-07 3.35251e-21 -5.3799e-25 2.57395e+13 3.33133e-38 3.32636e-11
6.33878e+28 -1.27106e-07 1.2178e-07 3.35251e-21 -5.38537e-25 2.57491e+13 3.34408e-38 3.33377e-11
6.32995e+28 -1.27106e-07 1.21995e-07 3.35251e-21 -5.39091e-25 2.57585e+13 3.35689e-38 3.34118e-11
6.32112e+28 -1.27106e-07 1.22209e-07 3.35251e-21 -5.3965e-25 2.57678e+13 3.36973e-38 3.3486e-11
6.3123e+28 -1.27106e-07 1.22423e-07 3.35251e-21 -5.40216e-25 2.57768e+13 3.38262e-38 3.35603e-11
6.30347e+28 -1.27106e-07 1.22636e-07 3.35251e-21 -5.40788e-25 2.57856e+13 3.39555e-38 3.36346e-11
6.29464e+28 -1.27106e-07 1.22849e-07 3.35251e-21 -5.41365e-25 2.57942e+13 3.40853e-38 3.37089e-11
6.28581e+28 -1.27106e-07 1.23062e-07 3.35251e-21 -5.41949e-25 2.58026e+13 3.42155e-38 3.37833e-11
6.27699e+28 -1.27106e-07 1.23274e-07 3.35251e-21 -5.42538e-25 2.58108e+13 3.43462e-38 3.38577e-11
6.26816e+28 -1.27106e-07 1.23486e-07 3.35251e-21 -5.43134e-25 2.58188e+13 3.44773e-38 3.39322e-11
6.25933e+28 -1.27106e-07 1.23697e-07 3.35251e-21 -5.43736e-25 2.58266e+13 3.46089e-38 3.40067e-11
6.25051e+28 -1.27106e-07 1.23908e-07 3.35251e-21 -5.44343e-25 2.58342e+13 3.47409e-38 3.40813e-11
6.24168e+28 -1.27106e-07 1.24119e-07 3.35251e-21 -5.44957e-25 2.58416e+13 3.48734e-38 3.4156e-11
6.23285e+28 -1.27106e-07 1.2433e-07 3.35251e-21 -5.45577e-25 2.58488e+13 3.50064e-38 3.42306e-11
6.22402e+28 -1.27106e-07 1.2454e-07 3.35251e-21 -5.46202e-25 2.58558e+13 3.51398e-38 3.43054e-11
6.2152e+28 -1.27106e-07 1.24749e-07 3.35251e-21 -5.46834e-25 2.58626e+13 3.52737e-38 3.43802e-11
6.20637e+28 -1.27106e-07 1.24959e-07 3.35251e-21 -5.47472e-25 2.58693e+13 3.54081e-38 3.4455e-11
6.19754e+28 -1.27106e-07 1.25168e-07 3.35251e-21 -5.48116e-25 2.58757e+13 3.55429e-38 3.45299e-11
6.18872e+28 -1.27106e-07 1.25377e-07 3.35251e-21 -5.48765e-25 2.58819e+13 3.56783e-38 3.46049e-11
6.17989e+28 -1.27106e-07 1.25585e-07 3.35251e-21 -5.49421e-25 2.58879e+13 3.58141e-38 3.46799e-11
6.17106e+28 -1.27106e-07 1.25793e-07 3.35251e-21 -5.50083e-25 2.58938e+13 3.59504e-38 3.47549e-11
6.16223e+28 -1.27106e-07 1.26e-07 3.35251e-21 -5.50751e-25 2.58994e+13 3.60871e-38 3.48301e-11
6.15341e+28 -1.27106e-07 1.26208e-07 3.35251e-21 -5.51425e-25 2.59048e+13 3.62244e-38 3.49053e-11
6.14458e+28 -1.27106e-07 1.26415e-07 3.35251e-21 -5.52106e-25 2.59101e+13 3.63622e-38 3.49805e-11
6.13575e+28 -1.27106e-07 1.26621e-07 3.35251e-21 -5.52792e-25 2.59152e+13 3.65004e-38 3.50558e-11
6.12693e+28 -1.27106e-07 1.26828e-07 3.35251e-21 -5.53484e-25 2.592e+13 3.66392e-38 3.51312e-11
6.1181e+28 -1.27106e-07 1.27033e-07 3.35251e-21 -5.54183e-25 2.59247e+13 3.67784e-38 3.52066e-11
6.10927e+28 -1.27106e-07 1.27239e-07 3.35251e-21 -5.54887e-25 2.59292e+13 3.69182e-38 3.52821e-11
6.10044e+28 -1.27106e-07 1.27444e-07 3.35251e-21 -5.55598e-25 2.59335e+13 3.70585e-38 3.53577e-11
6.09162e+28 -1.27106e-07 1.27649e-07 3.35251e-21 -5.56315e-25 2.59376e+13 3.71993e-38 3.54333e-11
6.08279e+28 -1.27106e-07 1.27854e-07 3.35251e-21 -5.57038e-25 2.59416e+13 3.73406e-38 3.5509e-11
6.07396e+28 -1.27106e-07 1.28058e-07 3.35251e-21 -5.57767e-25 2.59453e+13 3.74824e-38 3.55847e-11
6.06514e+28 -1.27106e-07 1.28262e-07 3.35251e-21 -5.58502e-25 2.59489e+13 3.76247e-38 3.56605e-11
6.05631e+28 -1.27106e-07 1.28466e-07 3.35251e-21 -5.59243e-25 2.59522e+13 3.77676e-38 3.57364e-11
6.04748e+28 -1.27106e-07 1.28669e-07 3.35251e-21 -5.59991e-25 2.59554e+13 3.7911e-38 3.58124e-11
6.03865e+28 -1.27106e-07 1.28872e-07 3.35251e-21 -5.60745e-25 2.59584e+13 3.80549e-38 3.58884e-11
6.02983e+28 -1.27106e-07 1.29075e-07 3.35251e-21 -5.61505e-25 2.59612e+13 3.81994e-38 3.59645e-11
6.021e+28 -1.27106e-07 1.29277e-07 3.35251e-21 -5.62271e-25 2.59639e+13 3.83444e-38 3.60407e-11
6.01217e+28 -1.27106e-07 1.29479e-07 3.35251e-21 -5.63043e-25 2.59663e+13 3.849e-38 3.61169e-11
6.00335e+28 -1.27106e-07 1.29681e-07 3.35251e-21 -5.63822e-25 2.59686e+13 3.8636e-38 3.61932e-11
5.99452e+28 -1.27106e-07 1.29882e-07 3.35251e-21 -5.64607e-25 2.59707e+13 3.87827e-38 3.62696e-11
5.98569e+28 -1.27106e-07 1.30083e-07 3.35251e-21 -5.65398e-25 2.59726e+13 3.89299e-38 3.6346e-11
5.97686e+28 -1.27106e-07 1.30284e-07 3.35251e-21 -5.66195e-25 2.59743e+13 3.90776e-38 3.64226e-11
5.96804e+28 -1.27106e-07 1.30484e-07 3.35251e-21 -5.66999e-25 2.59758e+13 3.92259e-38 3.64992e-11
5.95921e+28 -1.27106e-07 1.30685e-07 3.35251e-21 -5.67809e-25 2.59772e+13 3.93748e-38 3.65759e-11
5.95038e+28 -1.27106e-07 1.30884e-07 3.35251e-21 -5.68625e-25 2.59784e+13 3.95242e-38 3.66526e-11
5.94156e+28 -1.27106e-07 1.31084e-07 3.35251e-21 -5.69448e-25 2.59794e+13 3.96742e-38 3.67294e-11
5.93273e+28 -1.27106e-07 1.31283e-07 3.35251e-21 -5.70277e-25 2.59802e+13 3.98248e-38 3.68064e-11
5.9239e+28 -1.27106e-07 1.31482e-07 3.35251e-21 -5.71113e-25 2.59809e+13 3.99759e-38 3.68834e-11
5.91507e+28 -1.27106e-07 1.31681e-07 3.35251e-21 -5.71954e-25 2.59814e+13 4.01277e-38 3.69604e-11
5.90625e+28 -1.27106e-07 1.31879e-07 3.35251e-21 -5.72802e-25 2.59817e+13 4.028e-38 3.70376e-11
5.89742e+28 -1.27106e-07 1.32077e-07 3.35251e-21 -5.73657e-25 2.59818e+13 4.04329e-38 3.71148e-11
5.88859e+28 -1.27106e-07 1.32275e-07 3.35251e-21 -5.74518e-25 2.59817e+13 4.05864e-38 3.71921e-11
5.87977e+28 -1.27106e-07 1.32472e-07 3.35251e-21 -5.75386e-25 2.59815e+13 4.07405e-38 3.72695e-11
5.87094e+28 -1.27106e-07 1.32669e-07 3.35251e-21 -5.7626e-25 2.59811e+13 4.08952e-38 3.7347e-11
5.86211e+28 -1.27106e-07 1.32866e-07 3.35251e-21 -5.7714e-25 2.59805e+13 4.10505e-38 3.74246e-11
5.85328e+28 -1.27106e-07 1.33063e-07 3.35251e-21 -5.78027e-25 2.59798e+13 4.12064e-38 3.75023e-11
5.84446e+28 -1.27106e-07 1.33259e-07 3.35251e-21 -5.7892e-25 2.59789e+13 4.13629e-38 3.758e-11
5.83563e+28 -1.27106e-07 1.33455e-07 3.35251e-21 -5.7982e-25 2.59778e+13 4.152e-38 3.76578e-11
5.8268e+28 -1.27106e-07 1.33651e-07 3.35251e-21 -5.80727e-25 2.59765e+13 4.16777e-38 3.77357e-11
5.81798e+28 -1.27106e-07 1.33846e-07 3.35251e-21 -5.8164e-25 2.59751e+13 4.18361e-38 3.78138e-11
5.80915e+28 -1.27106e-07 1.34041e-07 3.35251e-21 -5.8256e-25 2.59735e+13 4.19951e-38 3.78918e-11
5.80032e+28 -1.27106e-07 1.34236e-07 3.35251e-21 -5.83486e-25 2.59717e+13 4.21547e-38 3.797e-11
5.79149e+28 -1.27106e-07 1.34431e-07 3.35251e-21 -5.84419e-25 2.59698e+13 4.23149e-38 3.80483e-11
5.78267e+28 -1.27106e-07 1.34625e-07 3.35251e-21 -5.85359e-25 2.59677e+13 4.24758e-38 3.81267e-11
5.77384e+28 -1.27106e-07 1.34819e-07 3.35251e-21 -5.86305e-25 2.59654e+13 4.26374e-38 3.82051e-11
5.76501e+28 -1.27106e-07 1.35013e-07 3.35251e-21 -5.87258e-25 2.59629e+13 4.27995e-38 3.82837e-11
5.75619e+28 -1.27106e-07 1.35206e-07 3.35251e-21 -5.88218e-25 2.59603e+13 4.29624e-38 3.83624e-11
5.74736e+28 -1.27106e-07 1.35399e-07 3.35251e-21 -5.89185e-25 2.59575e+13 4.31258e-38 3.84411e-11
5.73853e+28 -1.27106e-07 1.35592e-07 3.35251e-21 -5.90158e-25 2.59546e+13 4.329e-38 3.85199e-11
5.72971e+28 -1.27106e-07 1.35785e-07 3.35251e-21 -5.91138e-25 2.59515e+13 4.34548e-38 3.85989e-11
5.72088e+28 -1.27106e-07 1.35977e-07 3.35251e-21 -5.92125e-25 2.59482e+13 4.36202e-38 3.86779e-11
5.71205e+28 -1.27106e-07 1.36169e-07 3.35251e-21 -5.93119e-25 2.59447e+13 4.37864e-38 3.87571e-11
5.70322e+28 -1.27106e-07 1.36361e-07 3.35251e-21 -5.9412e-25 2.59411e+13 4.39532e-38 3.88363e-11
5.6944e+28 -1.27106e-07 1.36552e-07 3.35251e-21 -5.95127e-25 2.59374e+13 4.41207e-38 3.89156e-11
5.68557e+28 -1.27106e-07 1.36743e-07 3.35251e-21 -5.96142e-25 2.59334e+13 4.42889e-38 3.89951e-11
5.67674e+28 -1.27106e-07 1.36934e-07 3.35251e-21 -5.97163e-25 2.59293e+13 4.44577e-38 3.90746e-11
5.66792e+28 -1.27106e-07 1.37125e-07 3.35251e-21 -5.98192e-25 2.59251e+13 4.46273e-38 3.91543e-11
5.65909e+28 -1.27106e-07 1.37316e-07 3.35251e-21 -5.99227e-25 2.59206e+13 4.47975e-38 3.9234e-11
5.65026e+28 -1.27106e-07 1.37506e-07 3.35251e-21 -6.00269e-25 2.5916e+13 4.49685e-38 3.93139e-11
5.64143e+28 -1.27106e-07 1.37696e-07 3.35251e-21 -6.01319e-25 2.59113e+13 4.51402e-38 3.93938e-11
5.63261e+28 -1.27106e-07 1.37885e-07 3.35251e-21 -6.02375e-25 2.59064e+13 4.53125e-38 3.94739e-11
5.62378e+28 -1.27106e-07 1.38075e-07 3.35251e-21 -6.03439e-25 2.59013e+13 4.54856e-38 3.95541e-11
5.61495e+28 -1.27106e-07 1.38264e-07 3.35251e-21 -6.0451e-25 2.58961e+13 4.56594e-38 3.96343e-11
5.60613e+28 -1.27106e-07 1.38453e-07 3.35251e-21 -6.05588e-25 2.58907e+13 4.5834e-38 3.97147e-11
5.5973e+28 -1.27106e-07 1.38641e-07 3.35251e-21 -6.06673e-25 2.58851e+13 4.60092e-38 3.97952e-11
5.58847e+28 -1.27106e-07 1.3883e-07 3.35251e-21 -6.07765e-25 2.58794e+13 4.61852e-38 3.98758e-11
5.57964e+28 -1.27106e-07 1.39018e-07 3.35251e-21 -6.08865e-25 2.58735e+13 4.6362e-38 3.99565e-11
5.57082e+28 -1.27106e-07 1.39206e-07 3.35251e-21 -6.09972e-25 2.58675e+13 4.65394e-38 4.00374e-11
5.56199e+28 -1.27106e-07 1.39393e-07 3.35251e-21 -6.11086e-25 2.58613e+13 4.67177e-38 4.01183e-11
5.55316e+28 -1.27106e-07 1.3958e-07 3.35251e-21 -6.12207e-25 2.5855e+13 4.68966e-38 4.01994e-11
5.54434e+28 -1.27106e-07 1.39768e-07 3.35251e-21 -6.13336e-25 2.58485e+13 4.70764e-38 4.02806e-11
5.53551e+28 -1.27106e-07 1.39954e-07 3.35251e-21 -6.14473e-25 2.58418e+13 4.72569e-38 4.03618e-11
5.52668e+28 -1.27106e-07 1.40141e-07 3.35251e-21 -6.15616e-25 2.5835e+13 4.74381e-38 4.04432e-11
5.51785e+28 -1.27106e-07 1.40327e-07 3.35251e-21 -6.16768e-25 2.58281e+13 4.76202e-38 4.05248e-11
5.50903e+28 -1.27106e-07 1.40513e-07 3.35251e-21 -6.17926e-25 2.58209e+13 4.7803e-38 4.06064e-11
5.5002e+28 -1.27106e-07 1.40699e-07 3.35251e-21 -6.19092e-25 2.58137e+13 4.79866e-38 4.06882e-11
5.49137e+28 -1.27106e-07 1.40885e-07 3.35251e-21 -6.20266e-25 2.58062e+13 4.8171e-38 4.07701e-11
5.48255e+28 -1.27106e-07 1.4107e-07 3.35251e-21 -6.21448e-25 2.57986e+13 4.83562e-38 4.08521e-11
5.47372e+28 -1.27106e-07 1.41255e-07 3.35251e-21 -6.22637e-25 2.57909e+13 4.85422e-38 4.09342e-11
5.46489e+28 -1.27106e-07 1.4144e-07 3.35251e-21 -6.23833e-25 2.5783e+13 4.8729e-38 4.10164e-11
5.45606e+28 -1.27106e-07 1.41625e-07 3.35251e-21 -6.25038e-25 2.5775e+13 4.89166e-38 4.10988e-11
5.44724e+28 -1.27106e-07 1.41809e-07 3.35251e-21 -6.2625e-25 2.57668e+13 4.9105e-38 4.11813e-11
5.43841e+28 -1.27106e-07 1.41993e-07 3.35251e-21 -6.27469e-25 2.57584e+13 4.92942e-38 4.12639e-11
5.42958e+28 -1.27106e-07 1.42177e-07 3.35251e-21 -6.28697e-25 2.57499e+13 4.94843e-38 4.13467e-11
5.42076e+28 -1.27106e-07 1.42361e-07 3.35251e-21 -6.29933e-25 2.57412e+13 4.96752e-38 4.14295e-11
5.41193e+28 -1.27106e-07 1.42544e-07 3.35251e-21 -6.31176e-25 2.57324e+13 4.98669e-38 4.15125e-11
5.4031e+28 -1.27106e-07 1.42727e-07 3.35251e-21 -6.32427e-25 2.57235e+13 5.00595e-38 4.15957e-11
5.39427e+28 -1.27106e-07 1.4291e-07 3.35251e-21 -6.33686e-25 2.57144e+13 5.02529e-38 4.16789e-11
5.38545e+28 -1.27106e-07 1.43093e-07 3.35251e-21 -6.34954e-25 2.57051e+13 5.04471e-38 4.17623e-11
5.37662e+28 -1.27106e-07 1.43276e-07 3.35251e-21 -6.36229e-25 2.56957e+13 5.06423e-38 4.18459e-11
5.36779e+28 -1.27106e-07 1.43458e-07 3.35251e-21 -6.37512e-25 2.56862e+13 5.08383e-38 4.19295e-11
5.35897e+28 -1.27106e-07 1.4364e-07 3.35251e-21 -6.38804e-25 2.56765e+13 5.10351e-38 4.20133e-11
5.35014e+28 -1.27106e-07 1.43822e-07 3.35251e-21 -6.40103e-25 2.56666e+13 5.12329e-38 4.20972e-11
5.34131e+28 -1.27106e-07 1.44003e-07 3.35251e-21 -6.41411e-25 2.56566e+13 5.14315e-38 4.21813e-11
5.33248e+28 -1.27106e-07 1.44184e-07 3.35251e-21 -6.42727e-25 2.56465e+13 5.1631e-38 4.22655e-11
5.32366e+28 -1.27106e-07 1.44366e-07 3.35251e-21 -6.44051e-25 2.56362e+13 5.18314e-38 4.23498e-11
5.31483e+28 -1.27106e-07 1.44546e-07 3.35251e-21 -6.45384e-25 2.56257e+13 5.20327e-38 4.24343e-11
5.306e+28 -1.27106e-07 1.44727e-07 3.35251e-21 -6.46725e-25 2.56151e+13 5.22349e-38 4.25189e-11
5.29718e+28 -1.27106e-07 1.44907e-07 3.35251e-21 -6.48074e-25 2.56044e+13 5.2438e-38 4.26037e-11
5.28835e+28 -1.27106e-07 1.45088e-07 3.35251e-21 -6.49432e-25 2.55935e+13 5.2642e-38 4.26886e-11
5.27952e+28 -1.27106e-07 1.45268e-07 3.35251e-21 -6.50798e-25 2.55825e+13 5.2847e-38 4.27736e-11
5.27069e+28 -1.27106e-07 1.45447e-07 3.35251e-21 -6.52173e-25 2.55713e+13 5.30529e-38 4.28588e-11
5.26187e+28 -1.27106e-07 1.45627e-07 3.35251e-21 -6.53556e-25 2.556e+13 5.32597e-38 4.29442e-11
5.25304e+28 -1.27106e-07 1.45806e-07 3.35251e-21 -6.54948e-25 2.55485e+13 5.34675e-38 4.30296e-11
5.24421e+28 -1.27106e-07 1.45985e-07 3.35251e-21 -6.56349e-25 2.55369e+13 5.36762e-38 4.31153e-11
5.23539e+28 -1.27106e-07 1.46164e-07 3.35251e-21 -6.57758e-25 2.55252e+13 5.38859e-38 4.3201e-11
5.22656e+28 -1.27106e-07 1.46343e-07 3.35251e-21 -6.59176e-25 2.55133e+13 5.40965e-38 4.3287e-11
5.21773e+28 -1.27106e-07 1.46521e-07 3.35251e-21 -6.60603e-25 2.55012e+13 5.43081e-38 4.3373e-11
5.2089e+28 -1.27106e-07 1.46699e-07 3.35251e-21 -6.62038e-25 2.54891e+13 5.45207e-38 4.34592e-11
5.20008e+28 -1.27106e-07 1.46877e-07 3.35251e-21 -6.63483e-25 2.54767e+13 5.47343e-38 4.35456e-11
5.19125e+28 -1.27106e-07 1.47055e-07 3.35251e-21 -6.64936e-25 2.54643e+13 5.49489e-38 4.36321e-11
5.18242e+28 -1.27106e-07 1.47233e-07 3.35251e-21 -6.66399e-25 2.54517e+13 5.51644e-38 4.37188e-11
5.1736e+28 -1.27106e-07 1.4741e-07 3.35251e-21 -6.6787e-25 2.54389e+13 5.5381e-38 4.38056e-11
5.16477e+28 -1.27106e-07 1.47587e-07 3.35251e-21 -6.69351e-25 2.5426e+13 5.55985e-38 4.38926e-11
5.15594e+28 -1.27106e-07 1.47764e-07 3.35251e-21 -6.70841e-25 2.5413e+13 5.58171e-38 4.39798e-11
5.14711e+28 -1.27106e-07 1.47941e-07 3.35251e-21 -6.7234e-25 2.53998e+13 5.60367e-38 4.40671e-11
5.13829e+28 -1.27106e-07 1.48117e-07 3.35251e-21 -6.73848e-25 2.53865e+13 5.62573e-38 4.41545e-11
5.12946e+28 -1.27106e-07 1.48294e-07 3.35251e-21 -6.75365e-25 2.53731e+13 5.6479e-38 4.42422e-11
5.12063e+28 -1.27106e-07 1.4847e-07 3.35251e-21 -6.76892e-25 2.53595e+13 5.67017e-38 4.433e-11
5.11181e+28 -1.27106e-07 1.48645e-07 3.35251e-21 -6.78428e-25 2.53458e+13 5.69255e-38 4.44179e-11
5.10298e+28 -1.27106e-07 1.48821e-07 3.35251e-21 -6.79974e-25 2.53319e+13 5.71503e-38 4.4506e-11
5.09415e+28 -1.27106e-07 1.48997e-07 3.35251e-21 -6.81529e-25 2.53179e+13 5.73762e-38 4.45943e-11
5.08532e+28 -1.27106e-07 1.49172e-07 3.35251e-21 -6.83094e-25 2.53037e+13 5.76032e-38 4.46827e-11
5.0765e+28 -1.27106e-07 1.49347e-07 3.35251e-21 -6.84668e-25 2.52895e+13 5.78312e-38 4.47713e-11
5.06767e+28 -1.27106e-07 1.49522e-07 3.35251e-21 -6.86252e-25 2.5275e+13 5.80604e-38 4.48601e-11
5.05884e+28 -1.27106e-07 1.49696e-07 3.35251e-21 -6.87845e-25 2.52605e+13 5.82906e-38 4.4949e-11
5.05002e+28 -1.27106e-07 1.49871e-07 3.35251e-21 -6.89449e-25 2.52458e+13 5.8522e-38 4.50381e-11
5.04119e+28 -1.27106e-07 1.50045e-07 3.35251e-21 -6.91062e-25 2.52309e+13 5.87544e-38 4.51274e-11
5.03236e+28 -1.27106e-07 1.50219e-07 3.35251e-21 -6.92685e-25 2.5216e+13 5.8988e-38 4.52169e-11
5.02353e+28 -1.27106e-07 1.50393e-07 3.35251e-21 -6.94318e-25 2.52009e+13 5.92227e-38 4.53065e-11
5.01471e+28 -1.27106e-07 1.50566e-07 3.35251e-21 -6.95962e-25 2.51856e+13 5.94585e-38 4.53963e-11
5.00588e+28 -1.27106e-07 1.5074e-07 3.35251e-21 -6.97615e-25 2.51702e+13 5.96955e-38 4.54863e-11
4.99705e+28 -1.27106e-07 1.50913e-07 3.35251e-21 -6.99278e-25 2.51547e+13 5.99337e-38 4.55764e-11
4.98823e+28 -1.27106e-07 1.51086e-07 3.35251e-21 -7.00952e-25 2.51391e+13 6.0173e-38 4.56668e-11
4.9794e+28 -1.27106e-07 1.51259e-07 3.35251e-21 -7.02635e-25 2.51233e+13 6.04134e-38 4.57573e-11
4.97057e+28 -1.27106e-07 1.51431e-07 3.35251e-21 -7.04329e-25 2.51074e+13 6.06551e-38 4.5848e-11
4.96174e+28 -1.27106e-07 1.51604e-07 3.35251e-21 -7.06034e-25 2.50913e+13 6.08979e-38 4.59388e-11
4.95292e+28 -1.27106e-07 1.51776e-07 3.35251e-21 -7.07749e-25 2.50751e+13 6.11419e-38 4.60299e-11
4.94409e+28 -1.27106e-07 1.51948e-07 3.35251e-21 -7.09474e-25 2.50588e+13 6.13871e-38 4.61211e-11
4.93526e+28 -1.27106e-07 1.5212e-07 3.35251e-21 -7.1121e-25 2.50424e+13 6.16336e-38 4.62126e-11
4.92644e+28 -1.27106e-07 1.52291e-07 3.35251e-21 -7.12957e-25 2.50258e+13 6.18812e-38 4.63042e-11
4.91761e+28 -1.27106e-07 1.52463e-07 3.35251e-21 -7.14714e-25 2.50091e+13 6.21301e-38 4.6396e-11
4.90878e+28 -1.27106e-07 1.52634e-07 3.35251e-21 -7.16482e-25 2.49922e+13 6.23802e-38 4.64879e-11
4.89995e+28 -1.27106e-07 1.52805e-07 3.35251e-21 -7.18261e-25 2.49752e+13 6.26316e-38 4.65801e-11
4.89113e+28 -1.27106e-07 1.52976e-07 3.35251e-21 -7.2005e-25 2.49581e+13 6.28842e-38 4.66725e-11
4.8823e+28 -1.27106e-07 1.53147e-07 3.35251e-21 -7.21851e-25 2.49409e+13 6.31381e-38 4.6765e-11
4.87347e+28 -1.27106e-07 1.53317e-07 3.35251e-21 -7.23663e-25 2.49235e+13 6.33932e-38 4.68578e-11
4.86465e+28 -1.27106e-07 1.53487e-07 3.35251e-21 -7.25486e-25 2.4906e+13 6.36496e-38 4.69507e-11
4.85582e+28 -1.27106e-07 1.53658e-07 3.35251e-21 -7.2732e-25 2.48883e+13 6.39074e-38 4.70439e-11
4.84699e+28 -1.27106e-07 1.53827e-07 3.35251e-21 -7.29165e-25 2.48706e+13 6.41664e-38 4.71372e-11
4.83816e+28 -1.27106e-07 1.53997e-07 3.35251e-21 -7.31021e-25 2.48526e+13 6.44267e-38 4.72307e-11
4.82934e+28 -1.27106e-07 1.54167e-07 3.35251e-21 -7.32889e-25 2.48346e+13 6.46884e-38 4.73245e-11
4.82051e+28 -1.27106e-07 1.54336e-07 3.35251e-21 -7.34769e-25 2.48165e+13 6.49514e-38 4.74184e-11
4.81168e+28 -1.27106e-07 1.54505e-07 3.35251e-21 -7.3666e-25 2.47982e+13 6.52157e-38 4.75125e-11
4.80286e+28 -1.27106e-07 1.54674e-07 3.35251e-21 -7.38562e-25 2.47797e+13 6.54814e-38 4.76069e-11
4.79403e+28 -1.27106e-07 1.54843e-07 3.35251e-21 -7.40477e-25 2.47612e+13 6.57484e-38 4.77014e-11
4.7852e+28 -1.27106e-07 1.55012e-07 3.35251e-21 -7.42403e-25 2.47425e+13 6.60168e-38 4.77962e-11
4.77637e+28 -1.27106e-07 1.5518e-07 3.35251e-21 -7.4434e-25 2.47237e+13 6.62866e-38 4.78911e-11
4.76755e+28 -1.27106e-07 1.55348e-07 3.35251e-21 -7.4629e-25 2.47048e+13 6.65578e-38 4.79863e-11
4.75872e+28 -1.27106e-07 1.55516e-07 3.35251e-21 -7.48252e-25 2.46857e+13 6.68303e-38 4.80817e-11
4.74989e+28 -1.27106e-07 1.55684e-07 3.35251e-21 -7.50226e-25 2.46665e+13 6.71043e-38 4.81772e-11
4.74107e+28 -1.27106e-07 1.55852e-07 3.35251e-21 -7.52212e-25 2.46472e+13 6.73797e-38 4.8273e-11
4.73224e+28 -1.27106e-07 1.56019e-07 3.35251e-21 -7.5421e-25 2.46277e+13 6.76565e-38 4.83691e-11
4.72341e+28 -1.27106e-07 1.56187e-07 3.35251e-21 -7.56221e-25 2.46082e+13 6.79348e-38 4.84653e-11
4.71458e+28 -1.27106e-07 1.56354e-07 3.35251e-21 -7.58243e-25 2.45885e+13 6.82145e-38 4.85617e-11
4.70576e+28 -1.27106e-07 1.56521e-07 3.35251e-21 -7.60279e-25 2.45686e+13 6.84957e-38 4.86584e-11
4.69693e+28 -1.27106e-07 1.56688e-07 3.35251e-21 -7.62327e-25 2.45487e+13 6.87784e-38 4.87553e-11
4.6881e+28 -1.27106e-07 1.56854e-07 3.35251e-21 -7.64387e-25 2.45286e+13 6.90625e-38 4.88524e-11
4.67928e+28 -1.27106e-07 1.57021e-07 3.35251e-21 -7.66461e-25 2.45084e+13 6.93482e-38 4.89497e-11
4.67045e+28 -1.27106e-07 1.57187e-07 3.35251e-21 -7.68547e-25 2.44881e+13 6.96353e-38 4.90473e-11
4.66162e+28 -1.27106e-07 1.57353e-07 3.35251e-21 -7.70646e-25 2.44676e+13 6.9924e-38 4.9145e-11
4.65279e+28 -1.27106e-07 1.57519e-07 3.35251e-21 -7.72758e-25 2.4447e+13 7.02142e-38 4.9243e-11
4.64397e+28 -1.27106e-07 1.57685e-07 3.35251e-21 -7.74883e-25 2.44263e+13 7.05059e-38 4.93413e-11
4.63514e+28 -1.27106e-07 1.5785e-07 3.35251e-21 -7.77022e-25 2.44055e+13 7.07992e-38 4.94397e-11
4.62631e+28 -1.27106e-07 1.58016e-07 3.35251e-21 -7.79173e-25 2.43845e+13 7.1094e-38 4.95384e-11
4.61749e+28 -1.27106e-07 1.58181e-07 3.35251e-21 -7.81338e-25 2.43635e+13 7.13905e-38 4.96373e-11
4.60866e+28 -1.27106e-07 1.58346e-07 3.35251e-21 -7.83517e-25 2.43422e+13 7.16885e-38 4.97365e-11
4.59983e+28 -1.27106e-07 1.58511e-07 3.35251e-21 -7.85709e-25 2.43209e+13 7.19881e-38 4.98359e-11
4.591e+28 -1.27106e-07 1.58676e-07 3.35251e-21 -7.87914e-25 2.42995e+13 7.22894e-38 4.99355e-11
4.58218e+28 -1.27106e-07 1.5884e-07 3.35251e-21 -7.90134e-25 2.42779e+13 7.25922e-38 5.00354e-11
4.57335e+28 -1.27106e-07 1.59004e-07 3.35251e-21 -7.92367e-25 2.42562e+13 7.28967e-38 5.01355e-11
4.56452e+28 -1.27106e-07 1.59169e-07 3.35251e-21 -7.94614e-25 2.42344e+13 7.32029e-38 5.02358e-11
4.5557e+28 -1.27106e-07 1.59333e-07 3.35251e-21 -7.96875e-25 2.42124e+13 7.35107e-38 5.03364e-11
4.54687e+28 -1.27106e-07 1.59496e-07 3.35251e-21 -7.9915e-25 2.41904e+13 7.38202e-38 5.04372e-11
4.53804e+28 -1.27106e-07 1.5966e-07 3.35251e-21 -8.0144e-25 2.41682e+13 7.41313e-38 5.05383e-11
4.52921e+28 -1.27106e-07 1.59824e-07 3.35251e-21 -8.03744e-25 2.41459e+13 7.44442e-38 5.06396e-11
4.52039e+28 -1.27106e-07 1.59987e-07 3.35251e-21 -8.06062e-25 2.41235e+13 7.47588e-38 5.07412e-11
4.51156e+28 -1.27106e-07 1.6015e-07 3.35251e-21 -8.08395e-25 2.41009e+13 7.50751e-38 5.0843e-11
4.50273e+28 -1.27106e-07 1.60313e-07 3.35251e-21 -8.10742e-25 2.40782e+13 7.53932e-38 5.09451e-11
4.49391e+28 -1.27106e-07 1.60476e-07 3.35251e-21 -8.13104e-25 2.40554e+13 7.5713e-38 5.10475e-11
4.48508e+28 -1.27106e-07 1.60639e-07 3.35251e-21 -8.15481e-25 2.40325e+13 7.60346e-38 5.115e-11
4.47625e+28 -1.27106e-07 1.60801e-07 3.35251e-21 -8.17873e-25 2.40095e+13 7.6358e-38 5.12529e-11
4.46742e+28 -1.27106e-07 1.60964e-07 3.35251e-21 -8.2028e-25 2.39863e+13 7.66831e-38 5.1356e-11
4.4586e+28 -1.27106e-07 1.61126e-07 3.35251e-21 -8.22703e-25 2.39631e+13 7.70101e-38 5.14594e-11
4.44977e+28 -1.27106e-07 1.61288e-07 3.35251e-21 -8.2514e-25 2.39397e+13 7.73389e-38 5.1563e-11
4.44094e+28 -1.27106e-07 1.6145e-07 3.35251e-21 -8.27593e-25 2.39162e+13 7.76696e-38 5.16669e-11
4.43212e+28 -1.27106e-07 1.61611e-07 3.35251e-21 -8.30062e-25 2.38925e+13 7.80021e-38 5.1771e-11
4.42329e+28 -1.27106e-07 1.61773e-07 3.35251e-21 -8.32546e-25 2.38688e+13 7.83364e-38 5.18755e-11
4.41446e+28 -1.27106e-07 1.61934e-07 3.35251e-21 -8.35046e-25 2.38449e+13 7.86727e-38 5.19801e-11
4.40563e+28 -1.27106e-07 1.62095e-07 3.35251e-21 -8.37561e-25 2.38209e+13 7.90108e-38 5.20851e-11
4.39681e+28 -1.27106e-07 1.62256e-07 3.35251e-21 -8.40093e-25 2.37968e+13 7.93509e-38 5.21903e-11
4.38798e+28 -1.27106e-07 1.62417e-07 3.35251e-21 -8.42641e-25 2.37726e+13 7.96929e-38 5.22958e-11
4.37915e+28 -1.27106e-07 1.62578e-07 3.35251e-21 -8.45205e-25 2.37482e+13 8.00368e-38 5.24016e-11
4.37033e+28 -1.27106e-07 1.62739e-07 3.35251e-21 -8.47785e-25 2.37238e+13 8.03827e-38 5.25077e-11
4.3615e+28 -1.27106e-07 1.62899e-07 3.35251e-21 -8.50382e-25 2.36992e+13 8.07306e-38 5.2614e-11
4.35267e+28 -1.27106e-07 1.63059e-07 3.35251e-21 -8.52996e-25 2.36745e+13 8.10805e-38 5.27207e-11
4.34384e+28 -1.27106e-07 1.63219e-07 3.35251e-21 -8.55626e-25 2.36497e+13 8.14323e-38 5.28276e-11
4.33502e+28 -1.27106e-07 1.63379e-07 3.35251e-21 -8.58273e-25 2.36247e+13 8.17862e-38 5.29347e-11
4.32619e+28 -1.27106e-07 1.63539e-07 3.35251e-21 -8.60937e-25 2.35997e+13 8.21422e-38 5.30422e-11
4.31736e+28 -1.27106e-07 1.63699e-07 3.35251e-21 -8.63618e-25 2.35745e+13 8.25002e-38 5.315e-11
4.30854e+28 -1.27106e-07 1.63858e-07 3.35251e-21 -8.66317e-25 2.35493e+13 8.28602e-38 5.3258e-11
4.29971e+28 -1.27106e-07 1.64018e-07 3.35251e-21 -8.69032e-25 2.35239e+13 8.32224e-38 5.33664e-11
4.29088e+28 -1.27106e-07 1.64177e-07 3.35251e-21 -8.71766e-25 2.34983e+13 8.35867e-38 5.3475e-11
4.28205e+28 -1.27106e-07 1.64336e-07 3.35251e-21 -8.74517e-25 2.34727e+13 8.39531e-38 5.3584e-11
4.27323e+28 -1.27106e-07 1.64495e-07 3.35251e-21 -8.77285e-25 2.3447e+13 8.43216e-38 5.36932e-11
4.2644e+28 -1.27106e-07 1.64653e-07 3.35251e-21 -8.80072e-25 2.34211e+13 8.46923e-38 5.38027e-11
4.25557e+28 -1.27106e-07 1.64812e-07 3.35251e-21 -8.82877e-25 2.33951e+13 8.50651e-38 5.39126e-11
4.24675e+28 -1.27106e-07 1.6497e-07 3.35251e-21 -8.85699e-25 2.3369e+13 8.54402e-38 5.40227e-11
4.23792e+28 -1.27106e-07 1.65128e-07 3.35251e-21 -8.88541e-25 2.33428e+13 8.58175e-38 5.41331e-11
4.22909e+28 -1.27106e-07 1.65286e-07 3.35251e-21 -8.914e-25 2.33165e+13 8.6197e-38 5.42439e-11
4.22026e+28 -1.27106e-07 1.65444e-07 3.35251e-21 -8.94279e-25 2.32901e+13 8.65788e-38 5.4355e-11
4.21144e+28 -1.27106e-07 1.65602e-07 3.35251e-21 -8.97176e-25 2.32635e+13 8.69628e-38 5.44663e-11
4.20261e+28 -1.27106e-07 1.6576e-07 3.35251e-21 -9.00092e-25 2.32369e+13 8.73491e-38 5.4578e-11
4.19378e+28 -1.27106e-07 1.65917e-07 3.35251e-21 -9.03027e-25 2.32101e+13 8.77377e-38 5.469e-11
4.18496e+28 -1.27106e-07 1.66075e-07 3.35251e-21 -9.05981e-25 2.31832e+13 8.81287e-38 5.48023e-11
4.17613e+28 -1.27106e-07 1.66232e-07 3.35251e-21 -9.08955e-25 2.31562e+13 8.85219e-38 5.4915e-11
4.1673e+28 -1.27106e-07 1.66389e-07 3.35251e-21 -9.11948e-25 2.31291e+13 8.89176e-38 5.50279e-11
4.15847e+28 -1.27106e-07 1.66546e-07 3.35251e-21 -9.14961e-25 2.31019e+13 8.93156e-38 5.51412e-11
4.14965e+28 -1.27106e-07 1.66702e-07 3.35251e-21 -9.17994e-25 2.30745e+13 8.97161e-38 5.52548e-11
4.14082e+28 -1.27106e-07 1.66859e-07 3.35251e-21 -9.21047e-25 2.30471e+13 9.0119e-38 5.53688e-11
4.13199e+28 -1.27106e-07 1.67016e-07 3.35251e-21 -9.2412e-25 2.30195e+13 9.05243e-38 5.5483e-11
4.12317e+28 -1.27106e-07 1.67172e-07 3.35251e-21 -9.27213e-25 2.29918e+13 9.09321e-38 5.55976e-11
4.11434e+28 -1.27106e-07 1.67328e-07 3.35251e-21 -9.30327e-25 2.2964e+13 9.13423e-38 5.57126e-11
4.10551e+28 -1.27106e-07 1.67484e-07 3.35251e-21 -9.33462e-25 2.29361e+13 9.17551e-38 5.58279e-11
4.09668e+28 -1.27106e-07 1.6764e-07 3.35251e-21 -9.36617e-25 2.29081e+13 9.21704e-38 5.59435e-11
4.08786e+28 -1.27106e-07 1.67796e-07 3.35251e-21 -9.39794e-25 2.288e+13 9.25883e-38 5.60594e-11
4.07903e+28 -1.27106e-07 1.67951e-07 3.35251e-21 -9.42991e-25 2.28517e+13 9.30087e-38 5.61757e-11
4.0702e+28 -1.27106e-07 1.68107e-07 3.35251e-21 -9.4621e-25 2.28234e+13 9.34317e-38 5.62924e-11
4.06138e+28 -1.27106e-07 1.68262e-07 3.35251e-21 -9.49451e-25 2.27949e+13 9.38574e-38 5.64094e-11
4.05255e+28 -1.27106e-07 1.68417e-07 3.35251e-21 -9.52713e-25 2.27663e+13 9.42857e-38 5.65267e-11
4.04372e+28 -1.27106e-07 1.68572e-07 3.35251e-21 -9.55997e-25 2.27377e+13 9.47166e-38 5.66444e-11
4.03489e+28 -1.27106e-07 1.68727e-07 3.35251e-21 -9.59303e-25 2.27089e+13 9.51502e-38 5.67624e-11
4.02607e+28 -1.27106e-07 1.68881e-07 3.35251e-21 -9.62632e-25 2.268e+13 9.55866e-38 5.68808e-11
4.01724e+28 -1.27106e-07 1.69036e-07 3.35251e-21 -9.65983e-25 2.26509e+13 9.60256e-38 5.69996e-11
4.00841e+28 -1.27106e-07 1.6919e-07 3.35251e-21 -9.69356e-25 2.26218e+13 9.64675e-38 5.71187e-11
3.99959e+28 -1.27106e-07 1.69345e-07 3.35251e-21 -9.72753e-25 2.25926e+13 9.69121e-38 5.72382e-11
3.99076e+28 -1.27106e-07 1.69499e-07 3.35251e-21 -9.76172e-25 2.25632e+13 9.73595e-38 5.73581e-11
3.98193e+28 -1.27106e-07 1.69653e-07 3.35251e-21 -9.79615e-25 2.25338e+13 9.78098e-38 5.74783e-11
3.9731e+28 -1.27106e-07 1.69807e-07 3.35251e-21 -9.83081e-25 2.25042e+13 9.82629e-38 5.75989e-11
3.96428e+28 -1.27106e-07 1.6996e-07 3.35251e-21 -9.86571e-25 2.24746e+13 9.87188e-38 5.77199e-11
3.95545e+28 -1.27106e-07 1.70114e-07 3.35251e-21 -9.90084e-25 2.24448e+13 9.91777e-38 5.78413e-11
3.94662e+28 -1.27106e-07 1.70268e-07 3.35251e-21 -9.93622e-25 2.24149e+13 9.96395e-38 5.7963e-11
3.9378e+28 -1.27106e-07 1.70421e-07 3.35251e-21 -9.97184e-25 2.23849e+13 1.00104e-37 5.80851e-11
3.92897e+28 -1.27106e-07 1.70574e-07 3.35251e-21 -1.00077e-24 2.23548e+13 1.00572e-37 5.82076e-11
3.92014e+28 -1.27106e-07 1.70727e-07 3.35251e-21 -1.00438e-24 2.23246e+13 1.01043e-37 5.83305e-11
3.91131e+28 -1.27106e-07 1.7088e-07 3.35251e-21 -1.00802e-24 2.22943e+13 1.01517e-37 5.84538e-11
3.90249e+28 -1.27106e-07 1.71033e-07 3.35251e-21 -1.01168e-24 2.22638e+13 1.01993e-37 5.85774e-11
3.89366e+28 -1.27106e-07 1.71185e-07 3.35251e-21 -1.01536e-24 2.22333e+13 1.02473e-37 5.87015e-11
3.88483e+28 -1.27106e-07 1.71338e-07 3.35251e-21 -1.01908e-24 2.22026e+13 1.02957e-37 5.8826e-11
3.87601e+28 -1.27106e-07 1.7149e-07 3.35251e-21 -1.02281e-24 2.21719e+13 1.03443e-37 5.89508e-11
3.86718e+28 -1.27106e-07 1.71642e-07 3.35251e-21 -1.02658e-24 2.2141e+13 1.03932e-37 5.90761e-11
3.85835e+28 -1.27106e-07 1.71794e-07 3.35251e-21 -1.03037e-24 2.21101e+13 1.04425e-37 5.92018e-11
3.84952e+28 -1.27106e-07 1.71946e-07 3.35251e-21 -1.03418e-24 2.2079e+13 1.04921e-37 5.93278e-11
3.8407e+28 -1.27106e-07 1.72098e-07 3.35251e-21 -1.03803e-24 2.20478e+13 1.0542e-37 5.94543e-11
3.83187e+28 -1.27106e-07 1.7225e-07 3.35251e-21 -1.0419e-24 2.20165e+13 1.05922e-37 5.95812e-11
3.82304e+28 -1.27106e-07 1.72401e-07 3.35251e-21 -1.04579e-24 2.19851e+13 1.06428e-37 5.97086e-11
3.81422e+28 -1.27106e-07 1.72553e-07 3.35251e-21 -1.04972e-24 2.19536e+13 1.06937e-37 5.98363e-11
3.80539e+28 -1.27106e-07 1.72704e-07 3.35251e-21 -1.05367e-24 2.1922e+13 1.07449e-37 5.99645e-11
3.79656e+28 -1.27106e-07 1.72855e-07 3.35251e-21 -1.05765e-24 2.18903e+13 1.07965e-37 6.0093e-11
3.78773e+28 -1.27106e-07 1.73006e-07 3.35251e-21 -1.06166e-24 2.18585e+13 1.08484e-37 6.02221e-11
3.77891e+28 -1.27106e-07 1.73157e-07 3.35251e-21 -1.06569e-24 2.18266e+13 1.09007e-37 6.03515e-11
3.77008e+28 -1.27106e-07 1.73308e-07 3.35251e-21 -1.06976e-24 2.17945e+13 1.09533e-37 6.04814e-11
3.76125e+28 -1.27106e-07 1.73458e-07 3.35251e-21 -1.07385e-24 2.17624e+13 1.10063e-37 6.06117e-11
3.75243e+28 -1.27106e-07 1.73609e-07 3.35251e-21 -1.07797e-24 2.17302e+13 1.10597e-37 6.07425e-11
3.7436e+28 -1.27106e-07 1.73759e-07 3.35251e-21 -1.08213e-24 2.16978e+13 1.11134e-37 6.08737e-11
3.73477e+28 -1.27106e-07 1.73909e-07 3.35251e-21 -1.08631e-24 2.16654e+13 1.11674e-37 6.10054e-11
3.72594e+28 -1.27106e-07 1.7406e-07 3.35251e-21 -1.09052e-24 2.16328e+13 1.12219e-37 6.11375e-11
3.71712e+28 -1.27106e-07 1.74209e-07 3.35251e-21 -1.09476e-24 2.16002e+13 1.12767e-37 6.127e-11
3.70829e+28 -1.27106e-07 1.74359e-07 3.35251e-21 -1.09904e-24 2.15674e+13 1.13319e-37 6.1403e-11
3.69946e+28 -1.27106e-07 1.74509e-07 3.35251e-21 -1.10334e-24 2.15345e+13 1.13874e-37 6.15365e-11
3.69064e+28 -1.27106e-07 1.74659e-07 3.35251e-21 -1.10767e-24 2.15016e+13 1.14433e-37 6.16704e-11
3.68181e+28 -1.27106e-07 1.74808e-07 3.35251e-21 -1.11204e-24 2.14685e+13 1.14997e-37 6.18049e-11
3.67298e+28 -1.27106e-07 1.74957e-07 3.35251e-21 -1.11644e-24 2.14353e+13 1.15564e-37 6.19397e-11
3.66415e+28 -1.27106e-07 1.75107e-07 3.35251e-21 -1.12087e-24 2.1402e+13 1.16135e-37 6.20751e-11
3.65533e+28 -1.27106e-07 1.75256e-07 3.35251e-21 -1.12533e-24 2.13687e+13 1.1671e-37 6.22109e-11
3.6465e+28 -1.27106e-07 1.75405e-07 3.35251e-21 -1.12982e-24 2.13352e+13 1.17289e-37 6.23472e-11
3.63767e+28 -1.27106e-07 1.75553e-07 3.35251e-21 -1.13435e-24 2.13016e+13 1.17872e-37 6.2484e-11
3.62885e+28 -1.27106e-07 1.75702e-07 3.35251e-21 -1.13891e-24 2.12679e+13 1.18459e-37 6.26212e-11
3.62002e+28 -1.27106e-07 1.75851e-07 3.35251e-21 -1.14351e-24 2.12341e+13 1.1905e-37 6.2759e-11
3.61119e+28 -1.27106e-07 1.75999e-07 3.35251e-21 -1.14814e-24 2.12002e+13 1.19646e-37 6.28973e-11
3.60236e+28 -1.27106e-07 1.76147e-07 3.35251e-21 -1.1528e-24 2.11662e+13 1.20245e-37 6.3036e-11
3.59354e+28 -1.27106e-07 1.76295e-07 3.35251e-21 -1.15749e-24 2.11321e+13 1.20849e-37 6.31753e-11
3.58471e+28 -1.27106e-07 1.76444e-07 3.35251e-21 -1.16223e-24 2.10979e+13 1.21457e-37 6.3315e-11
3.57588e+28 -1.27106e-07 1.76591e-07 3.35251e-21 -1.16699e-24 2.10636e+13 1.2207e-37 6.34553e-11
3.56706e+28 -1.27106e-07 1.76739e-07 3.35251e-21 -1.17179e-24 2.10292e+13 1.22687e-37 6.3596e-11
3.55823e+28 -1.27106e-07 1.76887e-07 3.35251e-21 -1.17663e-24 2.09947e+13 1.23308e-37 6.37373e-11
3.5494e+28 -1.27106e-07 1.77035e-07 3.35251e-21 -1.18151e-24 2.096e+13 1.23933e-37 6.38791e-11
3.54057e+28 -1.27106e-07 1.77182e-07 3.35251e-21 -1.18642e-24 2.09253e+13 1.24564e-37 6.40214e-11
3.53175e+28 -1.27106e-07 1.77329e-07 3.35251e-21 -1.19136e-24 2.08905e+13 1.25198e-37 6.41643e-11
3.52292e+28 -1.27106e-07 1.77476e-07 3.35251e-21 -1.19635e-24 2.08556e+13 1.25838e-37 6.43077e-11
3.51409e+28 -1.27106e-07 1.77624e-07 3.35251e-21 -1.20137e-24 2.08206e+13 1.26482e-37 6.44516e-11
3.50527e+28 -1.27106e-07 1.7777e-07 3.35251e-21 -1.20643e-24 2.07855e+13 1.2713e-37 6.45961e-11
3.49644e+28 -1.27106e-07 1.77917e-07 3.35251e-21 -1.21153e-24 2.07502e+13 1.27783e-37 6.4741e-11
3.48761e+28 -1.27106e-07 1.78064e-07 3.35251e-21 -1.21667e-24 2.07149e+13 1.28442e-37 6.48866e-11
3.47878e+28 -1.27106e-07 1.78211e-07 3.35251e-21 -1.22184e-24 2.06795e+13 1.29104e-37 6.50327e-11
3.46996e+28 -1.27106e-07 1.78357e-07 3.35251e-21 -1.22706e-24 2.0644e+13 1.29772e-37 6.51793e-11
3.46113e+28 -1.27106e-07 1.78503e-07 3.35251e-21 -1.23232e-24 2.06084e+13 1.30445e-37 6.53265e-11
3.4523e+28 -1.27106e-07 1.7865e-07 3.35251e-21 -1.23761e-24 2.05726e+13 1.31123e-37 6.54743e-11
3.44348e+28 -1.27106e-07 1.78796e-07 3.35251e-21 -1.24295e-24 2.05368e+13 1.31805e-37 6.56226e-11
3.43465e+28 -1.27106e-07 1.78942e-07 3.35251e-21 -1.24833e-24 2.05009e+13 1.32493e-37 6.57715e-11
3.42582e+28 -1.27106e-07 1.79088e-07 3.35251e-21 -1.25375e-24 2.04649e+13 1.33186e-37 6.5921e-11
3.41699e+28 -1.27106e-07 1.79233e-07 3.35251e-21 -1.25921e-24 2.04288e+13 1.33884e-37 6.6071e-11
3.40817e+28 -1.27106e-07 1.79379e-07 3.35251e-21 -1.26471e-24 2.03925e+13 1.34587e-37 6.62217e-11
3.39934e+28 -1.27106e-07 1.79524e-07 3.35251e-21 -1.27026e-24 2.03562e+13 1.35295e-37 6.63729e-11
3.39051e+28 -1.27106e-07 1.7967e-07 3.35251e-21 -1.27585e-24 2.03198e+13 1.36009e-37 6.65247e-11
3.38169e+28 -1.27106e-07 1.79815e-07 3.35251e-21 -1.28148e-24 2.02833e+13 1.36729e-37 6.66771e-11
3.37286e+28 -1.27106e-07 1.7996e-07 3.35251e-21 -1.28716e-24 2.02467e+13 1.37453e-37 6.68301e-11
3.36403e+28 -1.27106e-07 1.80105e-07 3.35251e-21 -1.29288e-24 2.021e+13 1.38183e-37 6.69837e-11
3.3552e+28 -1.27106e-07 1.8025e-07 3.35251e-21 -1.29865e-24 2.01732e+13 1.38919e-37 6.7138e-11
3.34638e+28 -1.27106e-07 1.80395e-07 3.35251e-21 -1.30446e-24 2.01362e+13 1.3966e-37 6.72928e-11
3.33755e+28 -1.27106e-07 1.8054e-07 3.35251e-21 -1.31032e-24 2.00992e+13 1.40407e-37 6.74483e-11
3.32872e+28 -1.27106e-07 1.80684e-07 3.35251e-21 -1.31622e-24 2.00621e+13 1.4116e-37 6.76043e-11
3.3199e+28 -1.27106e-07 1.80829e-07 3.35251e-21 -1.32217e-24 2.00249e+13 1.41919e-37 6.7761e-11
3.31107e+28 -1.27106e-07 1.80973e-07 3.35251e-21 -1.32817e-24 1.99876e+13 1.42683e-37 6.79184e-11
3.30224e+28 -1.27106e-07 1.81117e-07 3.35251e-21 -1.33422e-24 1.99502e+13 1.43453e-37 6.80764e-11
3.29341e+28 -1.27106e-07 1.81261e-07 3.35251e-21 -1.34031e-24 1.99127e+13 1.4423e-37 6.8235e-11
3.28459e+28 -1.27106e-07 1.81405e-07 3.35251e-21 -1.34646e-24 1.98751e+13 1.45012e-37 6.83943e-11
3.27576e+28 -1.27106e-07 1.81549e-07 3.35251e-21 -1.35265e-24 1.98374e+13 1.458e-37 6.85542e-11
3.26693e+28 -1.27106e-07 1.81693e-07 3.35251e-21 -1.35889e-24 1.97996e+13 1.46595e-37 6.87148e-11
3.25811e+28 -1.27106e-07 1.81837e-07 3.35251e-21 -1.36519e-24 1.97618e+13 1.47396e-37 6.8876e-11
3.24928e+28 -1.27106e-07 1.8198e-07 3.35251e-21 -1.37153e-24 1.97238e+13 1.48203e-37 6.90379e-11
3.24045e+28 -1.27106e-07 1.82124e-07 3.35251e-21 -1.37793e-24 1.96857e+13 1.49016e-37 6.92005e-11
3.23162e+28 -1.27106e-07 1.82267e-07 3.35251e-21 -1.38438e-24 1.96475e+13 1.49836e-37 6.93638e-11
3.2228e+28 -1.27106e-07 1.8241e-07 3.35251e-21 -1.39088e-24 1.96092e+13 1.50662e-37 6.95277e-11
3.21397e+28 -1.27106e-07 1.82553e-07 3.35251e-21 -1.39743e-24 1.95709e+13 1.51495e-37 6.96924e-11
3.20514e+28 -1.27106e-07 1.82696e-07 3.35251e-21 -1.40404e-24 1.95324e+13 1.52335e-37 6.98577e-11
3.19632e+28 -1.27106e-07 1.82839e-07 3.35251e-21 -1.4107e-24 1.94938e+13 1.53181e-37 7.00237e-11
3.18749e+28 -1.27106e-07 1.82982e-07 3.35251e-21 -1.41742e-24 1.94552e+13 1.54035e-37 7.01905e-11
3.17866e+28 -1.27106e-07 1.83124e-07 3.35251e-21 -1.4242e-24 1.94164e+13 1.54895e-37 7.03579e-11
3.16983e+28 -1.27106e-07 1.83267e-07 3.35251e-21 -1.43102e-24 1.93776e+13 1.55762e-37 7.05261e-11
3.16101e+28 -1.27106e-07 1.83409e-07 3.35251e-21 -1.43791e-24 1.93386e+13 1.56636e-37 7.0695e-11
3.15218e+28 -1.27106e-07 1.83552e-07 3.35251e-21 -1.44485e-24 1.92996e+13 1.57517e-37 7.08646e-11
3.14335e+28 -1.27106e-07 1.83694e-07 3.35251e-21 -1.45186e-24 1.92605e+13 1.58405e-37 7.1035e-11
3.13453e+28 -1.27106e-07 1.83836e-07 3.35251e-21 -1.45892e-24 1.92212e+13 1.59301e-37 7.12061e-11
3.1257e+28 -1.27106e-07 1.83978e-07 3.35251e-21 -1.46604e-24 1.91819e+13 1.60203e-37 7.13779e-11
3.11687e+28 -1.27106e-07 1.8412e-07 3.35251e-21 -1.47322e-24 1.91425e+13 1.61114e-37 7.15505e-11
3.10804e+28 -1.27106e-07 1.84261e-07 3.35251e-21 -1.48046e-24 1.9103e+13 1.62032e-37 7.17239e-11
3.09922e+28 -1.27106e-07 1.84403e-07 3.35251e-21 -1.48776e-24 1.90634e+13 1.62957e-37 7.1898e-11
3.09039e+28 -1.27106e-07 1.84545e-07 3.35251e-21 -1.49512e-24 1.90236e+13 1.6389e-37 7.20729e-11
3.08156e+28 -1.27106e-07 1.84686e-07 3.35251e-21 -1.50255e-24 1.89838e+13 1.64831e-37 7.22485e-11
3.07274e+28 -1.27106e-07 1.84827e-07 3.35251e-21 -1.51004e-24 1.8944e+13 1.6578e-37 7.2425e-11
3.06391e+28 -1.27106e-07 1.84969e-07 3.35251e-21 -1.51759e-24 1.8904e+13 1.66736e-37 7.26022e-11
3.05508e+28 -1.27106e-07 1.8511e-07 3.35251e-21 -1.52521e-24 1.88639e+13 1.67701e-37 7.27802e-11
3.04625e+28 -1.27106e-07 1.85251e-07 3.35251e-21 -1.53289e-24 1.88237e+13 1.68674e-37 7.29591e-11
3.03743e+28 -1.27106e-07 1.85392e-07 3.35251e-21 -1.54065e-24 1.87834e+13 1.69655e-37 7.31387e-11
3.0286e+28 -1.27106e-07 1.85532e-07 3.35251e-21 -1.54846e-24 1.87431e+13 1.70644e-37 7.33192e-11
3.01977e+28 -1.27106e-07 1.85673e-07 3.35251e-21 -1.55635e-24 1.87026e+13 1.71642e-37 7.35004e-11
3.01095e+28 -1.27106e-07 1.85814e-07 3.35251e-21 -1.5643e-24 1.86621e+13 1.72648e-37 7.36826e-11
3.00212e+28 -1.27106e-07 1.85954e-07 3.35251e-21 -1.57233e-24 1.86214e+13 1.73663e-37 7.38655e-11
2.99329e+28 -1.27106e-07 1.86094e-07 3.35251e-21 -1.58042e-24 1.85807e+13 1.74687e-37 7.40493e-11
2.98446e+28 -1.27106e-07 1.86235e-07 3.35251e-21 -1.58859e-24 1.85398e+13 1.75719e-37 7.42339e-11
2.97564e+28 -1.27106e-07 1.86375e-07 3.35251e-21 -1.59682e-24 1.84989e+13 1.7676e-37 7.44194e-11
2.96681e+28 -1.27106e-07 1.86515e-07 3.35251e-21 -1.60514e-24 1.84579e+13 1.7781e-37 7.46058e-11
2.95798e+28 -1.27106e-07 1.86655e-07 3.35251e-21 -1.61352e-24 1.84168e+13 1.7887e-37 7.4793e-11
2.94916e+28 -1.27106e-07 1.86795e-07 3.35251e-21 -1.62198e-24 1.83756e+13 1.79938e-37 7.49812e-11
2.94033e+28 -1.27106e-07 1.86934e-07 3.35251e-21 -1.63051e-24 1.83343e+13 1.81016e-37 7.51702e-11
2.9315e+28 -1.27106e-07 1.87074e-07 3.35251e-21 -1.63912e-24 1.82929e+13 1.82104e-37 7.536e-11
2.92267e+28 -1.27106e-07 1.87213e-07 3.35251e-21 -1.64781e-24 1.82514e+13 1.83201e-37 7.55508e-11
2.91385e+28 -1.27106e-07 1.87353e-07 3.35251e-21 -1.65657e-24 1.82098e+13 1.84308e-37 7.57426e-11
2.90502e+28 -1.27106e-07 1.87492e-07 3.35251e-21 -1.66542e-24 1.81682e+13 1.85424e-37 7.59352e-11
2.89619e+28 -1.27106e-07 1.87631e-07 3.35251e-21 -1.67434e-24 1.81264e+13 1.8655e-37 7.61287e-11
2.88737e+28 -1.27106e-07 1.8777e-07 3.35251e-21 -1.68335e-24 1.80846e+13 1.87687e-37 7.63232e-11
2.87854e+28 -1.27106e-07 1.87909e-07 3.35251e-21 -1.69243e-24 1.80426e+13 1.88833e-37 7.65186e-11
2.86971e+28 -1.27106e-07 1.88048e-07 3.35251e-21 -1.7016e-24 1.80006e+13 1.8999e-37 7.6715e-11
2.86088e+28 -1.27106e-07 1.88187e-07 3.35251e-21 -1.71086e-24 1.79585e+13 1.91158e-37 7.69123e-11
2.85206e+28 -1.27106e-07 1.88326e-07 3.35251e-21 -1.7202e-24 1.79162e+13 1.92335e-37 7.71106e-11
2.84323e+28 -1.27106e-07 1.88464e-07 3.35251e-21 -1.72962e-24 1.78739e+13 1.93524e-37 7.73099e-11
2.8344e+28 -1.27106e-07 1.88603e-07 3.35251e-21 -1.73913e-24 1.78315e+13 1.94723e-37 7.75102e-11
2.82558e+28 -1.27106e-07 1.88741e-07 3.35251e-21 -1.74873e-24 1.7789e+13 1.95933e-37 7.77114e-11
2.81675e+28 -1.27106e-07 1.88879e-07 3.35251e-21 -1.75842e-24 1.77465e+13 1.97154e-37 7.79137e-11
2.80792e+28 -1.27106e-07 1.89018e-07 3.35251e-21 -1.7682e-24 1.77038e+13 1.98387e-37 7.81169e-11
2.79909e+28 -1.27106e-07 1.89156e-07 3.35251e-21 -1.77807e-24 1.7661e+13 1.99631e-37 7.83212e-11
2.79027e+28 -1.27106e-07 1.89294e-07 3.35251e-21 -1.78804e-24 1.76182e+13 2.00886e-37 7.85265e-11
2.78144e+28 -1.27106e-07 1.89431e-07 3.35251e-21 -1.7981e-24 1.75752e+13 2.02153e-37 7.87328e-11
2.77261e+28 -1.27106e-07 1.89569e-07 3.35251e-21 -1.80825e-24 1.75322e+13 2.03431e-37 7.89402e-11
2.76379e+28 -1.27106e-07 1.89707e-07 3.35251e-21 -1.8185e-24 1.74891e+13 2.04722e-37 7.91487e-11
2.75496e+28 -1.27106e-07 1.89844e-07 3.35251e-21 -1.82884e-24 1.74459e+13 2.06025e-37 7.93582e-11
2.74613e+28 -1.27106e-07 1.89982e-07 3.35251e-21 -1.83929e-24 1.74026e+13 2.07339e-37 7.95688e-11
2.7373e+28 -1.27106e-07 1.90119e-07 3.35251e-21 -1.84983e-24 1.73592e+13 2.08667e-37 7.97804e-11
2.72848e+28 -1.27106e-07 1.90257e-07 3.35251e-21 -1.86048e-24 1.73157e+13 2.10007e-37 7.99932e-11
2.71965e+28 -1.27106e-07 1.90394e-07 3.35251e-21 -1.87122e-24 1.72721e+13 2.11359e-37 8.0207e-11
2.71082e+28 -1.27106e-07 1.90531e-07 3.35251e-21 -1.88207e-24 1.72284e+13 2.12724e-37 8.0422e-11
2.702e+28 -1.27106e-07 1.90668e-07 3.35251e-21 -1.89303e-24 1.71847e+13 2.14103e-37 8.06381e-11
2.69317e+28 -1.27106e-07 1.90805e-07 3.35251e-21 -1.90409e-24 1.71408e+13 2.15494e-37 8.08554e-11
2.68434e+28 -1.27106e-07 1.90941e-07 3.35251e-21 -1.91526e-24 1.70969e+13 2.16899e-37 8.10737e-11
2.67551e+28 -1.27106e-07 1.91078e-07 3.35251e-21 -1.92654e-24 1.70529e+13 2.18318e-37 8.12933e-11
2.66669e+28 -1.27106e-07 1.91215e-07 3.35251e-21 -1.93793e-24 1.70088e+13 2.1975e-37 8.1514e-11
2.65786e+28 -1.27106e-07 1.91351e-07 3.35251e-21 -1.94944e-24 1.69646e+13 2.21196e-37 8.17359e-11
2.64903e+28 -1.27106e-07 1.91488e-07 3.35251e-21 -1.96105e-24 1.69203e+13 2.22656e-37 8.19589e-11
2.64021e+28 -1.27106e-07 1.91624e-07 3.35251e-21 -1.97278e-24 1.68759e+13 2.24131e-37 8.21832e-11
2.63138e+28 -1.27106e-07 1.9176e-07 3.35251e-21 -1.98463e-24 1.68314e+13 2.2562e-37 8.24087e-11
2.62255e+28 -1.27106e-07 1.91896e-07 3.35251e-21 -1.99659e-24 1.67869e+13 2.27123e-37 8.26354e-11
2.61372e+28 -1.27106e-07 1.92032e-07 3.35251e-21 -2.00868e-24 1.67422e+13 2.28642e-37 8.28633e-11
2.6049e+28 -1.27106e-07 1.92168e-07 3.35251e-21 -2.02089e-24 1.66975e+13 2.30175e-37 8.30925e-11
2.59607e+28 -1.27106e-07 1.92304e-07 3.35251e-21 -2.03322e-24 1.66527e+13 2.31724e-37 8.33229e-11
2.58724e+28 -1.27106e-07 1.9244e-07 3.35251e-21 -2.04567e-24 1.66078e+13 2.33288e-37 8.35546e-11
2.57842e+28 -1.27106e-07 1.92575e-07 3.35251e-21 -2.05825e-24 1.65628e+13 2.34868e-37 8.37876e-11
2.56959e+28 -1.27106e-07 1.92711e-07 3.35251e-21 -2.07096e-24 1.65177e+13 2.36464e-37 8.40219e-11
2.56076e+28 -1.27106e-07 1.92846e-07 3.35251e-21 -2.0838e-24 1.64725e+13 2.38076e-37 8.42575e-11
2.55193e+28 -1.27106e-07 1.92981e-07 3.35251e-21 -2.09676e-24 1.64272e+13 2.39704e-37 8.44944e-11
2.54311e+28 -1.27106e-07 1.93117e-07 3.35251e-21 -2.10987e-24 1.63819e+13 2.41349e-37 8.47326e-11
2.53428e+28 -1.27106e-07 1.93252e-07 3.35251e-21 -2.12311e-24 1.63364e+13 2.43011e-37 8.49722e-11
2.52545e+28 -1.27106e-07 1.93387e-07 3.35251e-21 -2.13648e-24 1.62909e+13 2.44689e-37 8.52131e-11
2.51663e+28 -1.27106e-07 1.93522e-07 3.35251e-21 -2.14999e-24 1.62453e+13 2.46385e-37 8.54554e-11
2.5078e+28 -1.27106e-07 1.93657e-07 3.35251e-21 -2.16365e-24 1.61996e+13 2.48098e-37 8.56991e-11
2.49897e+28 -1.27106e-07 1.93791e-07 3.35251e-21 -2.17744e-24 1.61538e+13 2.49829e-37 8.59442e-11
2.49014e+28 -1.27106e-07 1.93926e-07 3.35251e-21 -2.19139e-24 1.61079e+13 2.51578e-37 8.61907e-11
2.48132e+28 -1.27106e-07 1.94061e-07 3.35251e-21 -2.20548e-24 1.6062e+13 2.53345e-37 8.64386e-11
2.47249e+28 -1.27106e-07 1.94195e-07 3.35251e-21 -2.21971e-24 1.60159e+13 2.55131e-37 8.6688e-11
2.46366e+28 -1.27106e-07 1.9433e-07 3.35251e-21 -2.2341e-24 1.59698e+13 2.56936e-37 8.69388e-11
2.45484e+28 -1.27106e-07 1.94464e-07 3.35251e-21 -2.24864e-24 1.59236e+13 2.58759e-37 8.71911e-11
2.44601e+28 -1.27106e-07 1.94598e-07 3.35251e-21 -2.26334e-24 1.58773e+13 2.60602e-37 8.74449e-11
2.43718e+28 -1.27106e-07 1.94732e-07 3.35251e-21 -2.2782e-24 1.58309e+13 2.62464e-37 8.77001e-11
2.42835e+28 -1.27106e-07 1.94866e-07 3.35251e-21 -2.29321e-24 1.57844e+13 2.64346e-37 8.79569e-11
2.41953e+28 -1.27106e-07 1.95e-07 3.35251e-21 -2.30839e-24 1.57378e+13 2.66249e-37 8.82152e-11
2.4107e+28 -1.27106e-07 1.95134e-07 3.35251e-21 -2.32373e-24 1.56912e+13 2.68172e-37 8.84751e-11
2.40187e+28 -1.27106e-07 1.95268e-07 3.35251e-21 -2.33924e-24 1.56444e+13 2.70115e-37 8.87365e-11
2.39305e+28 -1.27106e-07 1.95401e-07 3.35251e-21 -2.35491e-24 1.55976e+13 2.7208e-37 8.89995e-11
2.38422e+28 -1.27106e-07 1.95535e-07 3.35251e-21 -2.37076e-24 1.55507e+13 2.74065e-37 8.92641e-11
2.37539e+28 -1.27106e-07 1.95668e-07 3.35251e-21 -2.38679e-24 1.55037e+13 2.76073e-37 8.95303e-11
2.36656e+28 -1.27106e-07 1.95802e-07 3.35251e-21 -2.40299e-24 1.54566e+13 2.78102e-37 8.97981e-11
2.35774e+28 -1.27106e-07 1.95935e-07 3.35251e-21 -2.41937e-24 1.54094e+13 2.80154e-37 9.00676e-11
2.34891e+28 -1.27106e-07 1.96068e-07 3.35251e-21 -2.43593e-24 1.53622e+13 2.82229e-37 9.03387e-11
2.34008e+28 -1.27106e-07 1.96201e-07 3.35251e-21 -2.45268e-24 1.53148e+13 2.84326e-37 9.06115e-11
2.33126e+28 -1.27106e-07 1.96334e-07 3.35251e-21 -2.46961e-24 1.52674e+13 2.86447e-37 9.0886e-11
2.32243e+28 -1.27106e-07 1.96467e-07 3.35251e-21 -2.48674e-24 1.52199e+13 2.88591e-37 9.11622e-11
2.3136e+28 -1.27106e-07 1.966e-07 3.35251e-21 -2.50405e-24 1.51723e+13 2.9076e-37 9.14402e-11
2.30477e+28 -1.27106e-07 1.96733e-07 3.35251e-21 -2.52157e-24 1.51246e+13 2.92952e-37 9.17199e-11
2.29595e+28 -1.27106e-07 1.96865e-07 3.35251e-21 -2.53928e-24 1.50768e+13 2.9517e-37 9.20013e-11
2.28712e+28 -1.27106e-07 1.96998e-07 3.35251e-21 -2.5572e-24 1.5029e+13 2.97413e-37 9.22846e-11
2.27829e+28 -1.27106e-07 1.9713e-07 3.35251e-21 -2.57532e-24 1.49811e+13 2.99681e-37 9.25697e-11
2.26947e+28 -1.27106e-07 1.97263e-07 3.35251e-21 -2.59365e-24 1.4933e+13 3.01975e-37 9.28565e-11
2.26064e+28 -1.27106e-07 1.97395e-07 3.35251e-21 -2.6122e-24 1.48849e+13 3.04296e-37 9.31453e-11
2.25181e+28 -1.27106e-07 1.97527e-07 3.35251e-21 -2.63095e-24 1.48367e+13 3.06643e-37 9.34359e-11
2.24298e+28 -1.27106e-07 1.97659e-07 3.35251e-21 -2.64993e-24 1.47885e+13 3.09017e-37 9.37284e-11
2.23416e+28 -1.27106e-07 1.97791e-07 3.35251e-21 -2.66913e-24 1.47401e+13 3.11419e-37 9.40228e-11
2.22533e+28 -1.27106e-07 1.97923e-07 3.35251e-21 -2.68855e-24 1.46917e+13 3.13849e-37 9.43191e-11
2.2165e+28 -1.27106e-07 1.98055e-07 3.35251e-21 -2.7082e-24 1.46431e+13 3.16308e-37 9.46173e-11
2.20768e+28 -1.27106e-07 1.98187e-07 3.35251e-21 -2.72809e-24 1.45945e+13 3.18795e-37 9.49176e-11
2.19885e+28 -1.27106e-07 1.98319e-07 3.35251e-21 -2.74821e-24 1.45458e+13 3.21312e-37 9.52198e-11
2.19002e+28 -1.27106e-07 1.9845e-07 3.35251e-21 -2.76857e-24 1.4497e+13 3.23858e-37 9.55241e-11
2.18119e+28 -1.27106e-07 1.98582e-07 3.35251e-21 -2.78918e-24 1.44482e+13 3.26435e-37 9.58304e-11
2.17237e+28 -1.27106e-07 1.98713e-07 3.35251e-21 -2.81003e-24 1.43992e+13 3.29043e-37 9.61387e-11
2.16354e+28 -1.27106e-07 1.98844e-07 3.35251e-21 -2.83114e-24 1.43502e+13 3.31682e-37 9.64492e-11
2.15471e+28 -1.27106e-07 1.98976e-07 3.35251e-21 -2.8525e-24 1.43011e+13 3.34352e-37 9.67617e-11
2.14589e+28 -1.27106e-07 1.99107e-07 3.35251e-21 -2.87412e-24 1.42519e+13 3.37055e-37 9.70764e-11
2.13706e+28 -1.27106e-07 1.99238e-07 3.35251e-21 -2.89601e-24 1.42026e+13 3.39791e-37 9.73932e-11
2.12823e+28 -1.27106e-07 1.99369e-07 3.35251e-21 -2.91816e-24 1.41532e+13 3.42561e-37 9.77123e-11
2.1194e+28 -1.27106e-07 1.995e-07 3.35251e-21 -2.94059e-24 1.41038e+13 3.45364e-37 9.80335e-11
2.11058e+28 -1.27106e-07 1.99631e-07 3.35251e-21 -2.96329e-24 1.40542e+13 3.48202e-37 9.83569e-11
2.10175e+28 -1.27106e-07 1.99761e-07 3.35251e-21 -2.98628e-24 1.40046e+13 3.51075e-37 9.86827e-11
2.09292e+28 -1.27106e-07 1.99892e-07 3.35251e-21 -3.00956e-24 1.39549e+13 3.53983e-37 9.90107e-11
2.0841e+28 -1.27106e-07 2.00022e-07 3.35251e-21 -3.03312e-24 1.39051e+13 3.56928e-37 9.9341e-11
2.07527e+28 -1.27106e-07 2.00153e-07 3.35251e-21 -3.05699e-24 1.38553e+13 3.5991e-37 9.96736e-11
2.06644e+28 -1.27106e-07 2.00283e-07 3.35251e-21 -3.08115e-24 1.38053e+13 3.62929e-37 1.00009e-10
2.05761e+28 -1.27106e-07 2.00414e-07 3.35251e-21 -3.10563e-24 1.37553e+13 3.65987e-37 1.00346e-10
2.04879e+28 -1.27106e-07 2.00544e-07 3.35251e-21 -3.13041e-24 1.37052e+13 3.69083e-37 1.00686e-10
2.03996e+28 -1.27106e-07 2.00674e-07 3.35251e-21 -3.15551e-24 1.3655e+13 3.72219e-37 1.01028e-10
2.03113e+28 -1.27106e-07 2.00804e-07 3.35251e-21 -3.18094e-24 1.36047e+13 3.75395e-37 1.01373e-10
2.02231e+28 -1.27106e-07 2.00934e-07 3.35251e-21 -3.20669e-24 1.35544e+13 3.78611e-37 1.0172e-10
2.01348e+28 -1.27106e-07 2.01064e-07 3.35251e-21 -3.23278e-24 1.35039e+13 3.8187e-37 1.0207e-10
2.00465e+28 -1.27106e-07 2.01194e-07 3.35251e-21 -3.25921e-24 1.34534e+13 3.8517e-37 1.02423e-10
1.99582e+28 -1.27106e-07 2.01323e-07 3.35251e-21 -3.28599e-24 1.34028e+13 3.88514e-37 1.02778e-10
1.987e+28 -1.27106e-07 2.01453e-07 3.35251e-21 -3.31311e-24 1.33521e+13 3.91902e-37 1.03135e-10
1.97817e+28 -1.27106e-07 2.01582e-07 3.35251e-21 -3.3406e-24 1.33013e+13 3.95334e-37 1.03496e-10
1.96934e+28 -1.27106e-07 2.01712e-07 3.35251e-21 -3.36845e-24 1.32505e+13 3.98811e-37 1.03859e-10
1.96052e+28 -1.27106e-07 2.01841e-07 3.35251e-21 -3.39667e-24 1.31996e+13 4.02335e-37 1.04224e-10
1.95169e+28 -1.27106e-07 2.01971e-07 3.35251e-21 -3.42527e-24 1.31485e+13 4.05905e-37 1.04593e-10
1.94286e+28 -1.27106e-07 2.021e-07 3.35251e-21 -3.45426e-24 1.30975e+13 4.09524e-37 1.04964e-10
1.93403e+28 -1.27106e-07 2.02229e-07 3.35251e-21 -3.48364e-24 1.30463e+13 4.13191e-37 1.05338e-10
1.92521e+28 -1.27106e-07 2.02358e-07 3.35251e-21 -3.51341e-24 1.2995e+13 4.16908e-37 1.05715e-10
1.91638e+28 -1.27106e-07 2.02487e-07 3.35251e-21 -3.5436e-24 1.29437e+13 4.20675e-37 1.06095e-10
1.90755e+28 -1.27106e-07 2.02616e-07 3.35251e-21 -3.57419e-24 1.28923e+13 4.24494e-37 1.06478e-10
1.89873e+28 -1.27106e-07 2.02745e-07 3.35251e-21 -3.60521e-24 1.28408e+13 4.28365e-37 1.06864e-10
1.8899e+28 -1.27106e-07 2.02873e-07 3.35251e-21 -3.63666e-24 1.27892e+13 4.32289e-37 1.07253e-10
1.88107e+28 -1.27106e-07 2.03002e-07 3.35251e-21 -3.66854e-24 1.27375e+13 4.36268e-37 1.07645e-10
1.87224e+28 -1.27106e-07 2.0313e-07 3.35251e-21 -3.70087e-24 1.26858e+13 4.40303e-37 1.0804e-10
1.86342e+28 -1.27106e-07 2.03259e-07 3.35251e-21 -3.73366e-24 1.26339e+13 4.44393e-37 1.08439e-10
1.85459e+28 -1.27106e-07 2.03387e-07 3.35251e-21 -3.76691e-24 1.2582e+13 4.48542e-37 1.0884e-10
1.84576e+28 -1.27106e-07 2.03516e-07 3.35251e-21 -3.80062e-24 1.253e+13 4.52748e-37 1.09245e-10
1.83694e+28 -1.27106e-07 2.03644e-07 3.35251e-21 -3.83482e-24 1.2478e+13 4.57015e-37 1.09653e-10
1.82811e+28 -1.27106e-07 2.03772e-07 3.35251e-21 -3.86951e-24 1.24258e+13 4.61342e-37 1.10064e-10
1.81928e+28 -1.27106e-07 2.039e-07 3.35251e-21 -3.9047e-24 1.23736e+13 4.65732e-37 1.10479e-10
1.81045e+28 -1.27106e-07 2.04028e-07 3.35251e-21 -3.94039e-24 1.23213e+13 4.70185e-37 1.10897e-10
1.80163e+28 -1.27106e-07 2.04156e-07 3.35251e-21 -3.97661e-24 1.22689e+13 4.74702e-37 1.11318e-10
1.7928e+28 -1.27106e-07 2.04284e-07 3.35251e-21 -4.01335e-24 1.22164e+13 4.79285e-37 1.11743e-10
1.78397e+28 -1.27106e-07 2.04411e-07 3.35251e-21 -4.05063e-24 1.21639e+13 4.83934e-37 1.12172e-10
1.77515e+28 -1.27106e-07 2.04539e-07 3.35251e-21 -4.08846e-24 1.21113e+13 4.88653e-37 1.12604e-10
1.76632e+28 -1.27106e-07 2.04667e-07 3.35251e-21 -4.12686e-24 1.20586e+13 4.93441e-37 1.1304e-10
1.75749e+28 -1.27106e-07 2.04794e-07 3.35251e-21 -4.16582e-24 1.20058e+13 4.983e-37 1.13479e-10
1.74866e+28 -1.27106e-07 2.04922e-07 3.35251e-21 -4.20537e-24 1.19529e+13 5.03231e-37 1.13923e-10
1.73984e+28 -1.27106e-07 2.05049e-07 3.35251e-21 -4.24551e-24 1.19e+13 5.08237e-37 1.1437e-10
1.73101e+28 -1.27106e-07 2.05176e-07 3.35251e-21 -4.28626e-24 1.18469e+13 5.13318e-37 1.14821e-10
1.72218e+28 -1.27106e-07 2.05303e-07 3.35251e-21 -4.32763e-24 1.17938e+13 5.18476e-37 1.15275e-10
1.71336e+28 -1.27106e-07 2.0543e-07 3.35251e-21 -4.36963e-24 1.17406e+13 5.23713e-37 1.15734e-10
1.70453e+28 -1.27106e-07 2.05557e-07 3.35251e-21 -4.41227e-24 1.16874e+13 5.2903e-37 1.16197e-10
1.6957e+28 -1.27106e-07 2.05684e-07 3.35251e-21 -4.45558e-24 1.1634e+13 5.34429e-37 1.16664e-10
1.68687e+28 -1.27106e-07 2.05811e-07 3.35251e-21 -4.49956e-24 1.15806e+13 5.39911e-37 1.17135e-10
1.67805e+28 -1.27106e-07 2.05938e-07 3.35251e-21 -4.54422e-24 1.15271e+13 5.45479e-37 1.1761e-10
1.66922e+28 -1.27106e-07 2.06065e-07 3.35251e-21 -4.58959e-24 1.14735e+13 5.51134e-37 1.1809e-10
1.66039e+28 -1.27106e-07 2.06191e-07 3.35251e-21 -4.63567e-24 1.14199e+13 5.56878e-37 1.18574e-10
1.65157e+28 -1.27106e-07 2.06318e-07 3.35251e-21 -4.68248e-24 1.13661e+13 5.62712e-37 1.19062e-10
1.64274e+28 -1.27106e-07 2.06444e-07 3.35251e-21 -4.73003e-24 1.13123e+13 5.6864e-37 1.19555e-10
1.63391e+28 -1.27106e-07 2.06571e-07 3.35251e-21 -4.77835e-24 1.12584e+13 5.74663e-37 1.20052e-10
1.62508e+28 -1.27106e-07 2.06697e-07 3.35251e-21 -4.82745e-24 1.12044e+13 5.80782e-37 1.20554e-10
1.61626e+28 -1.27106e-07 2.06823e-07 3.35251e-21 -4.87735e-24 1.11504e+13 5.87e-37 1.2106e-10
1.60743e+28 -1.27106e-07 2.0695e-07 3.35251e-21 -4.92806e-24 1.10962e+13 5.9332e-37 1.21571e-10
1.5986e+28 -1.27106e-07 2.07076e-07 3.35251e-21 -4.9796e-24 1.1042e+13 5.99742e-37 1.22087e-10
1.58978e+28 -1.27106e-07 2.07202e-07 3.35251e-21 -5.03199e-24 1.09877e+13 6.06271e-37 1.22608e-10
1.58095e+28 -1.27106e-07 2.07328e-07 3.35251e-21 -5.08524e-24 1.09334e+13 6.12907e-37 1.23134e-10
1.57212e+28 -1.27106e-07 2.07453e-07 3.35251e-21 -5.13939e-24 1.08789e+13 6.19654e-37 1.23665e-10
1.56329e+28 -1.27106e-07 2.07579e-07 3.35251e-21 -5.19444e-24 1.08244e+13 6.26514e-37 1.24201e-10
1.55447e+28 -1.27106e-07 2.07705e-07 3.35251e-21 -5.25042e-24 1.07698e+13 6.33489e-37 1.24742e-10
1.54564e+28 -1.27106e-07 2.07831e-07 3.35251e-21 -5.30736e-24 1.07151e+13 6.40582e-37 1.25288e-10
1.53681e+28 -1.27106e-07 2.07956e-07 3.35251e-21 -5.36526e-24 1.06604e+13 6.47797e-37 1.2584e-10
1.52799e+28 -1.27106e-07 2.08082e-07 3.35251e-21 -5.42416e-24 1.06055e+13 6.55134e-37 1.26397e-10
1.51916e+28 -1.27106e-07 2.08207e-07 3.35251e-21 -5.48407e-24 1.05506e+13 6.62598e-37 1.2696e-10
1.51033e+28 -1.27106e-07 2.08332e-07 3.35251e-21 -5.54502e-24 1.04956e+13 6.70192e-37 1.27528e-10
1.5015e+28 -1.27106e-07 2.08458e-07 3.35251e-21 -5.60704e-24 1.04406e+13 6.77917e-37 1.28102e-10
1.49268e+28 -1.27106e-07 2.08583e-07 3.35251e-21 -5.67015e-24 1.03854e+13 6.85779e-37 1.28682e-10
1.48385e+28 -1.27106e-07 2.08708e-07 3.35251e-21 -5.73437e-24 1.03302e+13 6.93779e-37 1.29267e-10
1.47502e+28 -1.27106e-07 2.08833e-07 3.35251e-21 -5.79973e-24 1.02749e+13 7.01921e-37 1.29859e-10
1.4662e+28 -1.27106e-07 2.08958e-07 3.35251e-21 -5.86627e-24 1.02195e+13 7.10208e-37 1.30457e-10
1.45737e+28 -1.27106e-07 2.09083e-07 3.35251e-21 -5.934e-24 1.0164e+13 7.18645e-37 1.31061e-10
1.44854e+28 -1.27106e-07 2.09207e-07 3.35251e-21 -6.00296e-24 1.01085e+13 7.27233e-37 1.31671e-10
1.43971e+28 -1.27106e-07 2.09332e-07 3.35251e-21 -6.07317e-24 1.00529e+13 7.35979e-37 1.32288e-10
1.43089e+28 -1.27106e-07 2.09457e-07 3.35251e-21 -6.14468e-24 9.99722e+12 7.44884e-37 1.32911e-10
1.42206e+28 -1.27106e-07 2.09581e-07 3.35251e-21 -6.2175e-24 9.94145e+12 7.53954e-37 1.33541e-10
1.41323e+28 -1.27106e-07 2.09706e-07 3.35251e-21 -6.29167e-24 9.88561e+12 7.63191e-37 1.34177e-10
1.40441e+28 -1.27106e-07 2.0983e-07 3.35251e-21 -6.36723e-24 9.8297e+12 7.72601e-37 1.3482e-10
1.39558e+28 -1.27106e-07 2.09955e-07 3.35251e-21 -6.44422e-24 9.7737e+12 7.82188e-37 1.35471e-10
1.38675e+28 -1.27106e-07 2.10079e-07 3.35251e-21 -6.52266e-24 9.71763e+12 7.91956e-37 1.36128e-10
1.37792e+28 -1.27106e-07 2.10203e-07 3.35251e-21 -6.60259e-24 9.66148e+12 8.0191e-37 1.36793e-10
1.3691e+28 -1.27106e-07 2.10327e-07 3.35251e-21 -6.68406e-24 9.60526e+12 8.12054e-37 1.37465e-10
1.36027e+28 -1.27106e-07 2.10451e-07 3.35251e-21 -6.76709e-24 9.54896e+12 8.22394e-37 1.38144e-10
1.35144e+28 -1.27106e-07 2.10575e-07 3.35251e-21 -6.85175e-24 9.49258e+12 8.32935e-37 1.38831e-10
1.34262e+28 -1.27106e-07 2.10699e-07 3.35251e-21 -6.93806e-24 9.43613e+12 8.43682e-37 1.39526e-10
1.33379e+28 -1.27106e-07 2.10823e-07 3.35251e-21 -7.02606e-24 9.3796e+12 8.5464e-37 1.40229e-10
1.32496e+28 -1.27106e-07 2.10947e-07 3.35251e-21 -7.11582e-24 9.323e+12 8.65814e-37 1.40939e-10
1.31613e+28 -1.27106e-07 2.11071e-07 3.35251e-21 -7.20736e-24 9.26632e+12 8.77212e-37 1.41658e-10
1.30731e+28 -1.27106e-07 2.11194e-07 3.35251e-21 -7.30074e-24 9.20956e+12 8.88839e-37 1.42385e-10
1.29848e+28 -1.27106e-07 2.11318e-07 3.35251e-21 -7.39601e-24 9.15273e+12 9.007e-37 1.43121e-10
1.28965e+28 -1.27106e-07 2.11441e-07 3.35251e-21 -7.49323e-24 9.09582e+12 9.12803e-37 1.43866e-10
1.28083e+28 -1.27106e-07 2.11565e-07 3.35251e-21 -7.59244e-24 9.03883e+12 9.25154e-37 1.44619e-10
1.272e+28 -1.27106e-07 2.11688e-07 3.35251e-21 -7.69369e-24 8.98177e+12 9.37759e-37 1.45381e-10
1.26317e+28 -1.27106e-07 2.11811e-07 3.35251e-21 -7.79706e-24 8.92464e+12 9.50627e-37 1.46152e-10
1.25434e+28 -1.27106e-07 2.11934e-07 3.35251e-21 -7.90259e-24 8.86742e+12 9.63764e-37 1.46933e-10
1.24552e+28 -1.27106e-07 2.12058e-07 3.35251e-21 -8.01034e-24 8.81014e+12 9.77178e-37 1.47723e-10
1.23669e+28 -1.27106e-07 2.12181e-07 3.35251e-21 -8.12039e-24 8.75277e+12 9.90877e-37 1.48523e-10
1.22786e+28 -1.27106e-07 2.12304e-07 3.35251e-21 -8.23279e-24 8.69534e+12 1.00487e-36 1.49333e-10
1.21904e+28 -1.27106e-07 2.12426e-07 3.35251e-21 -8.34762e-24 8.63782e+12 1.01916e-36 1.50153e-10
1.21021e+28 -1.27106e-07 2.12549e-07 3.35251e-21 -8.46495e-24 8.58023e+12 1.03377e-36 1.50983e-10
1.20138e+28 -1.27106e-07 2.12672e-07 3.35251e-21 -8.58484e-24 8.52257e+12 1.04869e-36 1.51824e-10
1.19255e+28 -1.27106e-07 2.12795e-07 3.35251e-21 -8.70737e-24 8.46483e+12 1.06394e-36 1.52675e-10
1.18373e+28 -1.27106e-07 2.12917e-07 3.35251e-21 -8.83263e-24 8.40702e+12 1.07953e-36 1.53537e-10
1.1749e+28 -1.27106e-07 2.1304e-07 3.35251e-21 -8.96069e-24 8.34913e+12 1.09547e-36 1.54411e-10
1.16607e+28 -1.27106e-07 2.13162e-07 3.35251e-21 -9.09164e-24 8.29116e+12 1.11177e-36 1.55296e-10
1.15725e+28 -1.27106e-07 2.13285e-07 3.35251e-21 -9.22557e-24 8.23313e+12 1.12844e-36 1.56192e-10
1.14842e+28 -1.27106e-07 2.13407e-07 3.35251e-21 -9.36257e-24 8.17501e+12 1.14549e-36 1.57101e-10
1.13959e+28 -1.27106e-07 2.13529e-07 3.35251e-21 -9.50273e-24 8.11682e+12 1.16293e-36 1.58021e-10
1.13076e+28 -1.27106e-07 2.13652e-07 3.35251e-21 -9.64615e-24 8.05856e+12 1.18078e-36 1.58954e-10
1.12194e+28 -1.27106e-07 2.13774e-07 3.35251e-21 -9.79294e-24 8.00022e+12 1.19905e-36 1.599e-10
1.11311e+28 -1.27106e-07 2.13896e-07 3.35251e-21 -9.94319e-24 7.94181e+12 1.21775e-36 1.60858e-10
1.10428e+28 -1.27106e-07 2.14018e-07 3.35251e-21 -1.0097e-23 7.88332e+12 1.2369e-36 1.6183e-10
1.09546e+28 -1.27106e-07 2.1414e-07 3.35251e-21 -1.02546e-23 7.82476e+12 1.2565e-36 1.62815e-10
1.08663e+28 -1.27106e-07 2.14262e-07 3.35251e-21 -1.04159e-23 7.76613e+12 1.27658e-36 1.63815e-10
1.0778e+28 -1.27106e-07 2.14383e-07 3.35251e-21 -1.05812e-23 7.70742e+12 1.29715e-36 1.64828e-10
1.06897e+28 -1.27106e-07 2.14505e-07 3.35251e-21 -1.07506e-23 7.64864e+12 1.31823e-36 1.65856e-10
1.06015e+28 -1.27106e-07 2.14627e-07 3.35251e-21 -1.09242e-23 7.58978e+12 1.33983e-36 1.66898e-10
1.05132e+28 -1.27106e-07 2.14748e-07 3.35251e-21 -1.11021e-23 7.53085e+12 1.36197e-36 1.67956e-10
1.04249e+28 -1.27106e-07 2.1487e-07 3.35251e-21 -1.12845e-23 7.47184e+12 1.38467e-36 1.69029e-10
1.03367e+28 -1.27106e-07 2.14991e-07 3.35251e-21 -1.14716e-23 7.41276e+12 1.40795e-36 1.70118e-10
1.02484e+28 -1.27106e-07 2.15113e-07 3.35251e-21 -1.16635e-23 7.35361e+12 1.43182e-36 1.71223e-10
1.01601e+28 -1.27106e-07 2.15234e-07 3.35251e-21 -1.18603e-23 7.29438e+12 1.45632e-36 1.72345e-10
1.00718e+28 -1.27106e-07 2.15355e-07 3.35251e-21 -1.20623e-23 7.23508e+12 1.48145e-36 1.73484e-10
9.98357e+27 -1.27106e-07 2.15476e-07 3.35251e-21 -1.22697e-23 7.1757e+12 1.50725e-36 1.7464e-10
9.8953e+27 -1.27106e-07 2.15597e-07 3.35251e-21 -1.24825e-23 7.11626e+12 1.53374e-36 1.75814e-10
9.80703e+27 -1.27106e-07 2.15718e-07 3.35251e-21 -1.27011e-23 7.05673e+12 1.56094e-36 1.77006e-10
9.71875e+27 -1.27106e-07 2.15839e-07 3.35251e-21 -1.29256e-23 6.99714e+12 1.58887e-36 1.78218e-10
9.63048e+27 -1.27106e-07 2.1596e-07 3.35251e-21 -1.31563e-23 6.93747e+12 1.61757e-36 1.79448e-10
9.54221e+27 -1.27106e-07 2.16081e-07 3.35251e-21 -1.33934e-23 6.87773e+12 1.64707e-36 1.80698e-10
9.45394e+27 -1.27106e-07 2.16202e-07 3.35251e-21 -1.3637e-23 6.81791e+12 1.67738e-36 1.81968e-10
9.36567e+27 -1.27106e-07 2.16322e-07 3.35251e-21 -1.38875e-23 6.75802e+12 1.70855e-36 1.83259e-10
9.2774e+27 -1.27106e-07 2.16443e-07 3.35251e-21 -1.41452e-23 6.69806e+12 1.74061e-36 1.84572e-10
9.18913e+27 -1.27106e-07 2.16564e-07 3.35251e-21 -1.44102e-23 6.63803e+12 1.77358e-36 1.85906e-10
9.10085e+27 -1.27106e-07 2.16684e-07 3.35251e-21 -1.46829e-23 6.57792e+12 1.80751e-36 1.87262e-10
9.01258e+27 -1.27106e-07 2.16805e-07 3.35251e-21 -1.49636e-23 6.51774e+12 1.84244e-36 1.88642e-10
8.92431e+27 -1.27106e-07 2.16925e-07 3.35251e-21 -1.52527e-23 6.45748e+12 1.87839e-36 1.90045e-10
8.83604e+27 -1.27106e-07 2.17045e-07 3.35251e-21 -1.55503e-23 6.39716e+12 1.91542e-36 1.91473e-10
8.74777e+27 -1.27106e-07 2.17165e-07 3.35251e-21 -1.58569e-23 6.33676e+12 1.95357e-36 1.92925e-10
8.6595e+27 -1.27106e-07 2.17286e-07 3.35251e-21 -1.61729e-23 6.27629e+12 1.99288e-36 1.94404e-10
8.57123e+27 -1.27106e-07 2.17406e-07 3.35251e-21 -1.64986e-23 6.21574e+12 2.0334e-36 1.95908e-10
8.48295e+27 -1.27106e-07 2.17526e-07 3.35251e-21 -1.68345e-23 6.15512e+12 2.07518e-36 1.9744e-10
8.39468e+27 -1.27106e-07 2.17646e-07 3.35251e-21 -1.71809e-23 6.09443e+12 2.11828e-36 1.99e-10
8.30641e+27 -1.27106e-07 2.17765e-07 3.35251e-21 -1.75383e-23 6.03367e+12 2.16275e-36 2.00589e-10
8.21814e+27 -1.27106e-07 2.17885e-07 3.35251e-21 -1.79073e-23 5.97284e+12 2.20864e-36 2.02207e-10
8.12987e+27 -1.27106e-07 2.18005e-07 3.35251e-21 -1.82882e-23 5.91193e+12 2.25603e-36 2.03855e-10
8.0416e+27 -1.27106e-07 2.18125e-07 3.35251e-21 -1.86816e-23 5.85095e+12 2.30497e-36 2.05536e-10
7.95333e+27 -1.27106e-07 2.18244e-07 3.35251e-21 -1.90881e-23 5.7899e+12 2.35554e-36 2.07248e-10
7.86505e+27 -1.27106e-07 2.18364e-07 3.35251e-21 -1.95083e-23 5.72878e+12 2.40781e-36 2.08994e-10
7.77678e+27 -1.27106e-07 2.18483e-07 3.35251e-21 -1.99428e-23 5.66758e+12 2.46186e-36 2.10774e-10
7.68851e+27 -1.27106e-07 2.18603e-07 3.35251e-21 -2.03922e-23 5.60631e+12 2.51777e-36 2.1259e-10
7.60024e+27 -1.27106e-07 2.18722e-07 3.35251e-21 -2.08572e-23 5.54497e+12 2.57562e-36 2.14443e-10
7.51197e+27 -1.27106e-07 2.18841e-07 3.35251e-21 -2.13387e-23 5.48356e+12 2.6355e-36 2.16333e-10
7.4237e+27 -1.27106e-07 2.18961e-07 3.35251e-21 -2.18372e-23 5.42208e+12 2.69752e-36 2.18262e-10
7.33543e+27 -1.27106e-07 2.1908e-07 3.35251e-21 -2.23538e-23 5.36052e+12 2.76178e-36 2.20232e-10
7.24715e+27 -1.27106e-07 2.19199e-07 3.35251e-21 -2.28892e-23 5.29889e+12 2.82838e-36 2.22244e-10
7.15888e+27 -1.27106e-07 2.19318e-07 3.35251e-21 -2.34444e-23 5.23719e+12 2.89744e-36 2.24298e-10
7.07061e+27 -1.27106e-07 2.19437e-07 3.35251e-21 -2.40204e-23 5.17542e+12 2.96909e-36 2.26397e-10
6.98234e+27 -1.27106e-07 2.19556e-07 3.35251e-21 -2.46182e-23 5.11358e+12 3.04346e-36 2.28543e-10
6.89407e+27 -1.27106e-07 2.19675e-07 3.35251e-21 -2.5239e-23 5.05167e+12 3.12068e-36 2.30736e-10
6.8058e+27 -1.27106e-07 2.19793e-07 3.35251e-21 -2.5884e-23 4.98968e+12 3.2009e-36 2.32978e-10
6.71753e+27 -1.27106e-07 2.19912e-07 3.35251e-21 -2.65544e-23 4.92763e+12 3.28429e-36 2.35272e-10
6.62925e+27 -1.27106e-07 2.20031e-07 3.35251e-21 -2.72516e-23 4.8655e+12 3.37101e-36 2.37619e-10
6.54098e+27 -1.27106e-07 2.20149e-07 3.35251e-21 -2.7977e-23 4.8033e+12 3.46124e-36 2.40021e-10
6.45271e+27 -1.27106e-07 2.20268e-07 3.35251e-21 -2.87322e-23 4.74103e+12 3.55518e-36 2.42481e-10
6.36444e+27 -1.27106e-07 2.20386e-07 3.35251e-21 -2.95188e-23 4.67869e+12 3.65302e-36 2.44999e-10
6.27617e+27 -1.27106e-07 2.20505e-07 3.35251e-21 -3.03387e-23 4.61628e+12 3.755e-36 2.47579e-10
6.1879e+27 -1.27106e-07 2.20623e-07 3.35251e-21 -3.11937e-23 4.55379e+12 3.86135e-36 2.50224e-10
6.09963e+27 -1.27106e-07 2.20741e-07 3.35251e-21 -3.20859e-23 4.49124e+12 3.97232e-36 2.52935e-10
6.01135e+27 -1.27106e-07 2.2086e-07 3.35251e-21 -3.30174e-23 4.42861e+12 4.08819e-36 2.55715e-10
5.92308e+27 -1.27106e-07 2.20978e-07 3.35251e-21 -3.39907e-23 4.36592e+12 4.20925e-36 2.58568e-10
5.83481e+27 -1.27106e-07 2.21096e-07 3.35251e-21 -3.50082e-23 4.30315e+12 4.33581e-36 2.61495e-10
5.74654e+27 -1.27106e-07 2.21214e-07 3.35251e-21 -3.60727e-23 4.24031e+12 4.46821e-36 2.64501e-10
5.65827e+27 -1.27106e-07 2.21332e-07 3.35251e-21 -3.71872e-23 4.1774e+12 4.60683e-36 2.67589e-10
5.57e+27 -1.27106e-07 2.2145e-07 3.35251e-21 -3.83548e-23 4.11442e+12 4.75205e-36 2.70761e-10
5.48173e+27 -1.27106e-07 2.21567e-07 3.35251e-21 -3.95789e-23 4.05137e+12 4.90431e-36 2.74023e-10
5.39345e+27 -1.27106e-07 2.21685e-07 3.35251e-21 -4.08633e-23 3.98825e+12 5.06406e-36 2.77378e-10
5.30518e+27 -1.27106e-07 2.21803e-07 3.35251e-21 -4.2212e-23 3.92506e+12 5.23181e-36 2.8083e-10
5.21691e+27 -1.27106e-07 2.2192e-07 3.35251e-21 -4.36295e-23 3.8618e+12 5.40811e-36 2.84383e-10
5.12864e+27 -1.27106e-07 2.22038e-07 3.35251e-21 -4.51203e-23 3.79847e+12 5.59354e-36 2.88044e-10
5.04037e+27 -1.27106e-07 2.22156e-07 3.35251e-21 -4.66898e-23 3.73507e+12 5.78875e-36 2.91816e-10
4.9521e+27 -1.27106e-07 2.22273e-07 3.35251e-21 -4.83436e-23 3.6716e+12 5.99444e-36 2.95705e-10
4.86383e+27 -1.27106e-07 2.2239e-07 3.35251e-21 -5.00878e-23 3.60806e+12 6.21138e-36 2.99717e-10
4.77555e+27 -1.27106e-07 2.22508e-07 3.35251e-21 -5.19292e-23 3.54444e+12 6.4404e-36 3.03858e-10
4.68728e+27 -1.27106e-07 2.22625e-07 3.35251e-21 -5.38751e-23 3.48076e+12 6.68242e-36 3.08135e-10
4.59901e+27 -1.27106e-07 2.22742e-07 3.35251e-21 -5.59336e-23 3.41701e+12 6.93844e-36 3.12556e-10
4.51074e+27 -1.27106e-07 2.22859e-07 3.35251e-21 -5.81136e-23 3.35319e+12 7.20958e-36 3.17127e-10
4.42247e+27 -1.27106e-07 2.22976e-07 3.35251e-21 -6.04249e-23 3.2893e+12 7.49704e-36 3.21857e-10
4.3342e+27 -1.27106e-07 2.23093e-07 3.35251e-21 -6.28782e-23 3.22533e+12 7.80217e-36 3.26754e-10
4.24593e+27 -1.27106e-07 2.2321e-07 3.35251e-21 -6.54855e-23 3.1613e+12 8.12645e-36 3.3183e-10
4.15765e+27 -1.27106e-07 2.23327e-07 3.35251e-21 -6.82599e-23 3.0972e+12 8.47151e-36 3.37093e-10
4.06938e+27 -1.27106e-07 2.23444e-07 3.35251e-21 -7.12161e-23 3.03303e+12 8.83918e-36 3.42555e-10
3.98111e+27 -1.27106e-07 2.23561e-07 3.35251e-21 -7.43703e-23 2.96879e+12 9.23147e-36 3.48228e-10
3.89284e+27 -1.27106e-07 2.23678e-07 3.35251e-21 -7.77407e-23 2.90448e+12 9.65066e-36 3.54126e-10
3.80457e+27 -1.27106e-07 2.23794e-07 3.35251e-21 -8.13476e-23 2.8401e+12 1.00992e-35 3.60262e-10
3.7163e+27 -1.27106e-07 2.23911e-07 3.35251e-21 -8.52135e-23 2.77565e+12 1.05801e-35 3.66652e-10
3.62803e+27 -1.27106e-07 2.24027e-07 3.35251e-21 -8.9364e-23 2.71113e+12 1.10963e-35 3.73313e-10
3.53975e+27 -1.27106e-07 2.24144e-07 3.35251e-21 -9.38277e-23 2.64654e+12 1.16514e-35 3.80263e-10
3.45148e+27 -1.27106e-07 2.2426e-07 3.35251e-21 -9.86372e-23 2.58189e+12 1.22496e-35 3.87523e-10
3.36321e+27 -1.27106e-07 2.24376e-07 3.35251e-21 -1.03829e-22 2.51716e+12 1.28953e-35 3.95116e-10
3.27494e+27 -1.27106e-07 2.24493e-07 3.35251e-21 -1.09445e-22 2.45236e+12 1.35937e-35 4.03065e-10
3.18667e+27 -1.27106e-07 2.24609e-07 3.35251e-21 -1.15532e-22 2.3875e+12 1.43508e-35 4.11397e-10
3.0984e+27 -1.27106e-07 2.24725e-07 3.35251e-21 -1.22146e-22 2.32257e+12 1.51733e-35 4.20144e-10
3.01013e+27 -1.27106e-07 2.24841e-07 3.35251e-21 -1.29348e-22 2.25756e+12 1.6069e-35 4.29337e-10
2.92185e+27 -1.27106e-07 2.24957e-07 3.35251e-21 -1.3721e-22 2.19249e+12 1.70469e-35 4.39014e-10
2.83358e+27 -1.27106e-07 2.25073e-07 3.35251e-21 -1.45817e-22 2.12735e+12 1.81173e-35 4.49217e-10
2.74531e+27 -1.27106e-07 2.25189e-07 3.35251e-21 -1.55265e-22 2.06214e+12 1.92923e-35 4.59991e-10
2.65704e+27 -1.27106e-07 2.25305e-07 3.35251e-21 -1.65667e-22 1.99686e+12 2.0586e-35 4.71388e-10
2.56877e+27 -1.27106e-07 2.25421e-07 3.35251e-21 -1.77158e-22 1.93152e+12 2.2015e-35 4.83468e-10
2.4805e+27 -1.27106e-07 2.25537e-07 3.35251e-21 -1.89893e-22 1.8661e+12 2.35989e-35 4.96297e-10
2.39223e+27 -1.27106e-07 2.25652e-07 3.35251e-21 -2.04061e-22 1.80062e+12 2.53609e-35 5.0995e-10
2.30395e+27 -1.27106e-07 2.25768e-07 3.35251e-21 -2.19884e-22 1.73506e+12 2.73288e-35 5.24513e-10
2.21568e+27 -1.27106e-07 2.25883e-07 3.35251e-21 -2.37632e-22 1.66944e+12 2.9536e-35 5.40087e-10
2.12741e+27 -1.27106e-07 2.25999e-07 3.35251e-21 -2.57629e-22 1.60375e+12 3.2023e-35 5.56786e-10
2.03914e+27 -1.27106e-07 2.26114e-07 3.35251e-21 -2.80273e-22 1.53799e+12 3.48392e-35 5.74742e-10
1.95087e+27 -1.27106e-07 2.2623e-07 3.35251e-21 -3.06054e-22 1.47217e+12 3.80455e-35 5.94113e-10
1.8626e+27 -1.27106e-07 2.26345e-07 3.35251e-21 -3.35579e-22 1.40627e+12 4.17174e-35 6.1508e-10
1.77433e+27 -1.27106e-07 2.2646e-07 3.35251e-21 -3.69611e-22 1.34031e+12 4.59498e-35 6.37862e-10
1.68605e+27 -1.27106e-07 2.26576e-07 3.35251e-21 -4.09117e-22 1.27428e+12 5.08631e-35 6.62717e-10
1.59778e+27 -1.27106e-07 2.26691e-07 3.35251e-21 -4.55339e-22 1.20818e+12 5.66114e-35 6.89959e-10
1.50951e+27 -1.27106e-07 2.26806e-07 3.35251e-21 -5.09891e-22 1.14201e+12 6.33958e-35 7.19969e-10
1.42124e+27 -1.27106e-07 2.26921e-07 3.35251e-21 -5.74903e-22 1.07577e+12 7.14811e-35 7.53216e-10
1.33297e+27 -1.27106e-07 2.27036e-07 3.35251e-21 -6.53235e-22 1.00947e+12 8.12229e-35 7.90285e-10
1.2447e+27 -1.27106e-07 2.27151e-07 3.35251e-21 -7.48794e-22 9.43099e+11 9.31071e-35 8.31916e-10
1.15643e+27 -1.27106e-07 2.27266e-07 3.35251e-21 -8.67031e-22 8.76659e+11 1.07812e-34 8.79056e-10
1.06815e+27 -1.27106e-07 2.2738e-07 3.35251e-21 -1.01574e-21 8.10152e+11 1.26306e-34 9.32947e-10
9.79883e+26 -1.27106e-07 2.27495e-07 3.35251e-21 -1.20638e-21 7.43577e+11 1.50014e-34 9.95242e-10
8.91612e+26 -1.27106e-07 2.2761e-07 3.35251e-21 -1.45634e-21 6.76934e+11 1.811e-34 1.0682e-09
8.0334e+26 -1.27106e-07 2.27724e-07 3.35251e-21 -1.79306e-21 6.10223e+11 2.22977e-34 1.15502e-09
7.15069e+26 -1.27106e-07 2.27839e-07 3.35251e-21 -2.26194e-21 5.43445e+11 2.81288e-34 1.26031e-09
6.26797e+26 -1.27106e-07 2.27954e-07 3.35251e-21 -2.94241e-21 4.76599e+11 3.65915e-34 1.39113e-09
5.38526e+26 -1.27106e-07 2.28068e-07 3.35251e-21 -3.98407e-21 4.09685e+11 4.9546e-34 1.55878e-09
4.50254e+26 -1.27106e-07 2.28182e-07 3.35251e-21 -5.69647e-21 3.42704e+11 7.08421e-34 1.78267e-09
3.61983e+26 -1.27106e-07 2.28297e-07 3.35251e-21 -8.80903e-21 2.75656e+11 1.09551e-33 2.09953e-09
2.73712e+26 -1.27106e-07 2.28411e-07 3.35251e-21 -1.53993e-20 2.0854e+11 1.9151e-33 2.58906e-09
1.8544e+26 -1.27106e-07 2.28525e-07 3.35251e-21 -3.35322e-20 1.41357e+11 4.17017e-33 3.46683e-09
9.71688e+25 -1.27106e-07 2.28639e-07 3.35251e-21 -1.22067e-19 7.41067e+10 1.51807e-32 5.62877e-09
8.89738e+24 -1.27106e-07 2.28754e-07 3.35251e-21 -1.45516e-17 6.78905e+09 1.80969e-30 3.38131e-08
3.38042e+24 -1.27106e-07 2.28761e-07 3.35251e-21 -1.00805e-16 2.57947e+09 1.25364e-29 6.98718e-08
2.00118e+24 -1.27106e-07 2.28762e-07 3.35251e-21 -2.8764e-16 1.52704e+09 3.57718e-29 1.0353e-07
1.31156e+24 -1.27106e-07 2.28763e-07 3.35251e-21 -6.69645e-16 1.00081e+09 8.32792e-29 1.42131e-07
9.66745e+23 -1.27106e-07 2.28764e-07 3.35251e-21 -1.23252e-15 7.37698e+08 1.5328e-28 1.78667e-07
2.77125e+23 -1.27106e-07 5.49804e-07 3.35251e-21 -6.24088e-15 5.08233e+08 7.74303e-28 4.08232e-07
